0 3564 1884
1 3048 2076
2 2724 2400
3 2436 2688
4 2280 3132
5 2124 3744
6 2052 4356
7 2184 4752
8 2568 5076
9 2484 5304
10 2148 5532
11 1944 5916
12 1956 6432
13 2052 6900
14 2244 7380
15 2292 7884
16 2316 8484
17 2472 8928
18 2748 9312
19 3060 9636
20 3528 9936
21 4056 10104
22 4644 10164
23 5244 10056
24 5664 9912
25 6168 9756
26 6540 9492
27 6768 9204
28 6948 8820
29 7104 8544
30 7368 8280
31 7464 7980
32 7560 7524
33 7524 7296
34 7452 6840
35 7380 6516
36 7344 6192
37 7260 5904
38 7164 5628
39 7032 5532
40 6960 5436
41 6696 5412
42 6732 5280
43 6900 5124
44 7116 4992
45 7308 4860
46 7368 4548
47 7284 4308
48 7200 4080
49 7092 3936
50 7020 3744
51 6888 3516
52 6708 3336
53 6552 3120
54 6264 3048
55 6120 3000
56 5916 2964
57 5688 2952
58 5532 2988
59 5532 2868
60 5556 2664
61 5484 2436
62 5376 2232
63 5160 2172
64 5052 2124
65 4896 2208
66 4800 2184
67 4596 2100
68 4332 2016
69 4164 1968
70 3960 1896
71 3768 1896
72 3564 1884