0 4100 4776
1 4099 4776
2 4099 4795
3 4098 4795
4 4098 4809
5 4097 4809
6 4097 4820
7 4096 4820
8 4096 4829
9 4095 4829
10 4095 4838
11 4094 4838
12 4094 4845
13 4093 4845
14 4093 4852
15 4092 4852
16 4092 4859
17 4091 4859
18 4091 4865
19 4090 4865
20 4090 4871
21 4089 4871
22 4089 4877
23 4088 4877
24 4088 4882
25 4087 4882
26 4087 4887
27 4086 4887
28 4086 4892
29 4085 4892
30 4085 4897
31 4084 4897
32 4084 4902
33 4083 4902
34 4083 4906
35 4082 4906
36 4082 4911
37 4081 4911
38 4081 4915
39 4080 4915
40 4080 4919
41 4079 4919
42 4079 4923
43 4078 4923
44 4078 4927
45 4077 4927
46 4077 4931
47 4076 4931
48 4076 4935
49 4075 4935
50 4075 4939
51 4074 4939
52 4074 4942
53 4073 4942
54 4073 4946
55 4072 4946
56 4072 4949
57 4071 4949
58 4071 4953
59 4070 4953
60 4070 4956
61 4069 4956
62 4069 4959
63 4068 4959
64 4068 4962
65 4067 4962
66 4067 4966
67 4066 4966
68 4066 4969
69 4065 4969
70 4065 4972
71 4064 4972
72 4064 4975
73 4063 4975
74 4063 4978
75 4062 4978
76 4062 4981
77 4061 4981
78 4061 4984
79 4060 4984
80 4060 4987
81 4059 4987
82 4059 4989
83 4058 4989
84 4058 4992
85 4057 4992
86 4057 4995
87 4056 4995
88 4056 4998
89 4055 4998
90 4055 5000
91 4054 5000
92 4054 5003
93 4053 5003
94 4053 5006
95 4052 5006
96 4052 5008
97 4051 5008
98 4051 5011
99 4050 5011
100 4050 5013
101 4049 5013
102 4049 5016
103 4048 5016
104 4048 5018
105 4047 5018
106 4047 5021
107 4046 5021
108 4046 5023
109 4045 5023
110 4045 5026
111 4044 5026
112 4044 5028
113 4043 5028
114 4043 5030
115 4042 5030
116 4042 5033
117 4041 5033
118 4041 5035
119 4040 5035
120 4040 5037
121 4039 5037
122 4039 5040
123 4038 5040
124 4038 5042
125 4037 5042
126 4037 5044
127 4036 5044
128 4036 5046
129 4035 5046
130 4035 5049
131 4034 5049
132 4034 5051
133 4033 5051
134 4033 5053
135 4032 5053
136 4032 5055
137 4031 5055
138 4031 5057
139 4030 5057
140 4030 5059
141 4029 5059
142 4029 5061
143 4028 5061
144 4028 5063
145 4027 5063
146 4027 5065
147 4026 5065
148 4026 5068
149 4025 5068
150 4025 5070
151 4024 5070
152 4024 5072
153 4023 5072
154 4023 5074
155 4022 5074
156 4022 5076
157 4021 5076
158 4021 5077
159 4020 5077
160 4020 5079
161 4019 5079
162 4019 5081
163 4018 5081
164 4018 5083
165 4017 5083
166 4017 5085
167 4016 5085
168 4016 5087
169 4015 5087
170 4015 5089
171 4014 5089
172 4014 5091
173 4013 5091
174 4013 5093
175 4012 5093
176 4012 5094
177 4011 5094
178 4011 5096
179 4010 5096
180 4010 5098
181 4009 5098
182 4009 5100
183 4008 5100
184 4008 5102
185 4007 5102
186 4007 5103
187 4006 5103
188 4006 5105
189 4005 5105
190 4005 5107
191 4004 5107
192 4004 5109
193 4003 5109
194 4003 5110
195 4002 5110
196 4002 5112
197 4001 5112
198 4001 5114
199 4000 5114
200 4000 5116
201 3999 5116
202 3999 5117
203 3998 5117
204 3998 5119
205 3997 5119
206 3997 5121
207 3996 5121
208 3996 5122
209 3995 5122
210 3995 5124
211 3994 5124
212 3994 5126
213 3993 5126
214 3993 5127
215 3992 5127
216 3992 5129
217 3991 5129
218 3991 5130
219 3990 5130
220 3990 5132
221 3989 5132
222 3989 5134
223 3988 5134
224 3988 5135
225 3987 5135
226 3987 5137
227 3986 5137
228 3986 5138
229 3985 5138
230 3985 5140
231 3984 5140
232 3984 5141
233 3983 5141
234 3983 5143
235 3982 5143
236 3982 5144
237 3981 5144
238 3981 5146
239 3980 5146
240 3980 5148
241 3979 5148
242 3979 5149
243 3978 5149
244 3978 5151
245 3977 5151
246 3977 5152
247 3976 5152
248 3976 5154
249 3975 5154
250 3975 5155
251 3974 5155
252 3974 5156
253 3973 5156
254 3973 5158
255 3972 5158
256 3972 5159
257 3971 5159
258 3971 5161
259 3970 5161
260 3970 5162
261 3969 5162
262 3969 5164
263 3968 5164
264 3968 5165
265 3967 5165
266 3967 5167
267 3966 5167
268 3966 5168
269 3965 5168
270 3965 5169
271 3964 5169
272 3964 5171
273 3963 5171
274 3963 5172
275 3962 5172
276 3962 5173
277 3961 5173
278 3961 5175
279 3960 5175
280 3960 5176
281 3959 5176
282 3959 5178
283 3958 5178
284 3958 5179
285 3957 5179
286 3957 5180
287 3956 5180
288 3956 5182
289 3955 5182
290 3955 5183
291 3954 5183
292 3954 5184
293 3953 5184
294 3953 5186
295 3952 5186
296 3952 5187
297 3951 5187
298 3951 5188
299 3950 5188
300 3950 5190
301 3949 5190
302 3949 5191
303 3948 5191
304 3948 5192
305 3947 5192
306 3947 5193
307 3946 5193
308 3946 5195
309 3945 5195
310 3945 5196
311 3944 5196
312 3944 5197
313 3943 5197
314 3943 5198
315 3942 5198
316 3942 5200
317 3941 5200
318 3941 5201
319 3940 5201
320 3940 5202
321 3939 5202
322 3939 5203
323 3938 5203
324 3938 5205
325 3937 5205
326 3937 5206
327 3936 5206
328 3936 5207
329 3935 5207
330 3935 5208
331 3934 5208
332 3934 5210
333 3933 5210
334 3933 5211
335 3932 5211
336 3932 5212
337 3931 5212
338 3931 5213
339 3930 5213
340 3930 5214
341 3929 5214
342 3929 5216
343 3928 5216
344 3928 5217
345 3927 5217
346 3927 5218
347 3926 5218
348 3926 5219
349 3925 5219
350 3925 5220
351 3924 5220
352 3924 5221
353 3923 5221
354 3923 5223
355 3922 5223
356 3922 5224
357 3921 5224
358 3921 5225
359 3920 5225
360 3920 5226
361 3919 5226
362 3919 5227
363 3918 5227
364 3918 5228
365 3917 5228
366 3917 5229
367 3916 5229
368 3916 5231
369 3915 5231
370 3915 5232
371 3914 5232
372 3914 5233
373 3913 5233
374 3913 5234
375 3912 5234
376 3912 5235
377 3911 5235
378 3911 5236
379 3910 5236
380 3910 5237
381 3909 5237
382 3909 5238
383 3908 5238
384 3908 5239
385 3907 5239
386 3907 5241
387 3906 5241
388 3906 5242
389 3905 5242
390 3905 5243
391 3904 5243
392 3904 5244
393 3903 5244
394 3903 5245
395 3902 5245
396 3902 5246
397 3901 5246
398 3901 5247
399 3900 5247
400 3900 5248
401 3899 5248
402 3899 5249
403 3898 5249
404 3898 5250
405 3897 5250
406 3897 5251
407 3896 5251
408 3896 5252
409 3895 5252
410 3895 5253
411 3894 5253
412 3894 5254
413 3893 5254
414 3893 5255
415 3892 5255
416 3892 5256
417 3891 5256
418 3891 5257
419 3890 5257
420 3890 5258
421 3889 5258
422 3889 5259
423 3888 5259
424 3888 5260
425 3887 5260
426 3887 5261
427 3886 5261
428 3886 5262
429 3885 5262
430 3885 5263
431 3884 5263
432 3884 5264
433 3883 5264
434 3883 5265
435 3882 5265
436 3882 5266
437 3881 5266
438 3881 5267
439 3880 5267
440 3880 5268
441 3879 5268
442 3879 5269
443 3878 5269
444 3878 5270
445 3877 5270
446 3877 5271
447 3876 5271
448 3876 5272
449 3875 5272
450 3875 5273
451 3874 5273
452 3874 5274
453 3873 5274
454 3873 5275
455 3872 5275
456 3872 5276
457 3871 5276
458 3871 5277
459 3870 5277
460 3870 5278
461 3869 5278
462 3869 5279
463 3868 5279
464 3868 5280
465 3867 5280
466 3867 5281
467 3866 5281
468 3866 5282
469 3864 5282
470 3864 5283
471 3863 5283
472 3863 5284
473 3862 5284
474 3862 5285
475 3861 5285
476 3861 5286
477 3860 5286
478 3860 5287
479 3859 5287
480 3859 5288
481 3858 5288
482 3858 5289
483 3857 5289
484 3857 5290
485 3856 5290
486 3856 5291
487 3855 5291
488 3855 5292
489 3853 5292
490 3853 5293
491 3852 5293
492 3852 5294
493 3851 5294
494 3851 5295
495 3850 5295
496 3850 5296
497 3849 5296
498 3849 5297
499 3848 5297
500 3848 5298
501 3847 5298
502 3847 5299
503 3845 5299
504 3845 5300
505 3844 5300
506 3844 5301
507 3843 5301
508 3843 5302
509 3842 5302
510 3842 5303
511 3841 5303
512 3841 5304
513 3840 5304
514 3840 5305
515 3838 5305
516 3838 5306
517 3837 5306
518 3837 5307
519 3836 5307
520 3836 5308
521 3835 5308
522 3835 5309
523 3834 5309
524 3834 5310
525 3832 5310
526 3832 5311
527 3831 5311
528 3831 5312
529 3830 5312
530 3830 5313
531 3829 5313
532 3829 5314
533 3827 5314
534 3827 5315
535 3826 5315
536 3826 5316
537 3825 5316
538 3825 5317
539 3824 5317
540 3824 5318
541 3822 5318
542 3822 5319
543 3821 5319
544 3821 5320
545 3820 5320
546 3820 5321
547 3819 5321
548 3819 5322
549 3817 5322
550 3817 5323
551 3816 5323
552 3816 5324
553 3815 5324
554 3815 5325
555 3813 5325
556 3813 5326
557 3812 5326
558 3812 5327
559 3811 5327
560 3811 5328
561 3810 5328
562 3810 5329
563 3808 5329
564 3808 5330
565 3807 5330
566 3807 5331
567 3806 5331
568 3806 5332
569 3804 5332
570 3804 5333
571 3803 5333
572 3803 5334
573 3802 5334
574 3802 5335
575 3800 5335
576 3800 5336
577 3799 5336
578 3799 5337
579 3797 5337
580 3797 5338
581 3796 5338
582 3796 5339
583 3795 5339
584 3795 5340
585 3793 5340
586 3793 5341
587 3792 5341
588 3792 5342
589 3790 5342
590 3790 5343
591 3789 5343
592 3789 5344
593 3788 5344
594 3788 5345
595 3786 5345
596 3786 5346
597 3785 5346
598 3785 5347
599 3783 5347
600 3783 5348
601 3782 5348
602 3782 5349
603 3780 5349
604 3780 5350
605 3779 5350
606 3779 5351
607 3778 5351
608 3778 5352
609 3776 5352
610 3776 5353
611 3775 5353
612 3775 5354
613 3773 5354
614 3773 5355
615 3772 5355
616 3772 5356
617 3770 5356
618 3770 5357
619 3769 5357
620 3769 5358
621 3767 5358
622 3767 5359
623 3765 5359
624 3765 5360
625 3764 5360
626 3764 5361
627 3762 5361
628 3762 5362
629 3761 5362
630 3761 5363
631 3759 5363
632 3759 5364
633 3758 5364
634 3758 5365
635 3756 5365
636 3756 5366
637 3755 5366
638 3755 5367
639 3753 5367
640 3753 5368
641 3751 5368
642 3751 5369
643 3750 5369
644 3750 5370
645 3748 5370
646 3748 5371
647 3746 5371
648 3746 5372
649 3745 5372
650 3745 5373
651 3743 5373
652 3743 5374
653 3741 5374
654 3741 5375
655 3740 5375
656 3740 5376
657 3738 5376
658 3738 5377
659 3736 5377
660 3736 5378
661 3735 5378
662 3735 5379
663 3733 5379
664 3733 5380
665 3731 5380
666 3731 5381
667 3730 5381
668 3730 5382
669 3728 5382
670 3728 5383
671 3726 5383
672 3726 5384
673 3724 5384
674 3724 5385
675 3723 5385
676 3723 5386
677 3721 5386
678 3721 5387
679 3719 5387
680 3719 5388
681 3717 5388
682 3717 5389
683 3715 5389
684 3715 5390
685 3713 5390
686 3713 5391
687 3712 5391
688 3712 5392
689 3710 5392
690 3710 5393
691 3708 5393
692 3708 5394
693 3706 5394
694 3706 5395
695 3704 5395
696 3704 5396
697 3702 5396
698 3702 5397
699 3700 5397
700 3700 5398
701 3698 5398
702 3698 5399
703 3696 5399
704 3696 5400
705 3694 5400
706 3694 5401
707 3692 5401
708 3692 5402
709 3690 5402
710 3690 5403
711 3688 5403
712 3688 5404
713 3686 5404
714 3686 5405
715 3684 5405
716 3684 5406
717 3682 5406
718 3682 5407
719 3680 5407
720 3680 5408
721 3678 5408
722 3678 5409
723 3676 5409
724 3676 5410
725 3674 5410
726 3674 5411
727 3672 5411
728 3672 5412
729 3670 5412
730 3670 5413
731 3667 5413
732 3667 5414
733 3665 5414
734 3665 5415
735 3663 5415
736 3663 5416
737 3661 5416
738 3661 5417
739 3659 5417
740 3659 5418
741 3656 5418
742 3656 5419
743 3654 5419
744 3654 5420
745 3652 5420
746 3652 5421
747 3649 5421
748 3649 5422
749 3647 5422
750 3647 5423
751 3645 5423
752 3645 5424
753 3642 5424
754 3642 5425
755 3640 5425
756 3640 5426
757 3637 5426
758 3637 5427
759 3635 5427
760 3635 5428
761 3632 5428
762 3632 5429
763 3630 5429
764 3630 5430
765 3627 5430
766 3627 5431
767 3625 5431
768 3625 5432
769 3622 5432
770 3622 5433
771 3619 5433
772 3619 5434
773 3617 5434
774 3617 5435
775 3614 5435
776 3614 5436
777 3611 5436
778 3611 5437
779 3609 5437
780 3609 5438
781 3606 5438
782 3606 5439
783 3603 5439
784 3603 5440
785 3600 5440
786 3600 5441
787 3597 5441
788 3597 5442
789 3594 5442
790 3594 5443
791 3591 5443
792 3591 5444
793 3588 5444
794 3588 5445
795 3585 5445
796 3585 5446
797 3582 5446
798 3582 5447
799 3579 5447
800 3579 5448
801 3576 5448
802 3576 5449
803 3573 5449
804 3573 5450
805 3569 5450
806 3569 5451
807 3566 5451
808 3566 5452
809 3563 5452
810 3563 5453
811 3559 5453
812 3559 5454
813 3556 5454
814 3556 5455
815 3552 5455
816 3552 5456
817 3548 5456
818 3548 5457
819 3544 5457
820 3544 5458
821 3541 5458
822 3541 5459
823 3537 5459
824 3537 5460
825 3533 5460
826 3533 5461
827 3529 5461
828 3529 5462
829 3524 5462
830 3524 5463
831 3520 5463
832 3520 5464
833 3516 5464
834 3516 5465
835 3511 5465
836 3511 5466
837 3507 5466
838 3507 5467
839 3502 5467
840 3502 5468
841 3497 5468
842 3497 5469
843 3492 5469
844 3492 5470
845 3486 5470
846 3486 5471
847 3481 5471
848 3481 5472
849 3475 5472
850 3475 5473
851 3469 5473
852 3469 5474
853 3462 5474
854 3462 5475
855 3455 5475
856 3455 5476
857 3448 5476
858 3448 5477
859 3440 5477
860 3440 5478
861 3431 5478
862 3431 5479
863 3421 5479
864 3421 5480
865 3410 5480
866 3410 5481
867 3396 5481
868 3396 5482
869 3376 5482
870 3376 5483
871 3320 5483
872 3320 5482
873 3300 5482
874 3300 5481
875 3286 5481
876 3286 5480
877 3275 5480
878 3275 5479
879 3265 5479
880 3265 5478
881 3256 5478
882 3256 5477
883 3248 5477
884 3248 5476
885 3241 5476
886 3241 5475
887 3234 5475
888 3234 5474
889 3227 5474
890 3227 5473
891 3221 5473
892 3221 5472
893 3215 5472
894 3215 5471
895 3210 5471
896 3210 5470
897 3204 5470
898 3204 5469
899 3199 5469
900 3199 5468
901 3194 5468
902 3194 5467
903 3189 5467
904 3189 5466
905 3185 5466
906 3185 5465
907 3180 5465
908 3180 5464
909 3176 5464
910 3176 5463
911 3172 5463
912 3172 5462
913 3167 5462
914 3167 5461
915 3163 5461
916 3163 5460
917 3159 5460
918 3159 5459
919 3155 5459
920 3155 5458
921 3152 5458
922 3152 5457
923 3148 5457
924 3148 5456
925 3144 5456
926 3144 5455
927 3140 5455
928 3140 5454
929 3137 5454
930 3137 5453
931 3133 5453
932 3133 5452
933 3130 5452
934 3130 5451
935 3127 5451
936 3127 5450
937 3123 5450
938 3123 5449
939 3120 5449
940 3120 5448
941 3117 5448
942 3117 5447
943 3114 5447
944 3114 5446
945 3111 5446
946 3111 5445
947 3108 5445
948 3108 5444
949 3105 5444
950 3105 5443
951 3102 5443
952 3102 5442
953 3099 5442
954 3099 5441
955 3096 5441
956 3096 5440
957 3093 5440
958 3093 5439
959 3090 5439
960 3090 5438
961 3087 5438
962 3087 5437
963 3085 5437
964 3085 5436
965 3082 5436
966 3082 5435
967 3079 5435
968 3079 5434
969 3077 5434
970 3077 5433
971 3074 5433
972 3074 5432
973 3071 5432
974 3071 5431
975 3069 5431
976 3069 5430
977 3066 5430
978 3066 5429
979 3064 5429
980 3064 5428
981 3061 5428
982 3061 5427
983 3059 5427
984 3059 5426
985 3056 5426
986 3056 5425
987 3054 5425
988 3054 5424
989 3051 5424
990 3051 5423
991 3049 5423
992 3049 5422
993 3047 5422
994 3047 5421
995 3044 5421
996 3044 5420
997 3042 5420
998 3042 5419
999 3040 5419
1000 3040 5418
1001 3037 5418
1002 3037 5417
1003 3035 5417
1004 3035 5416
1005 3033 5416
1006 3033 5415
1007 3031 5415
1008 3031 5414
1009 3029 5414
1010 3029 5413
1011 3026 5413
1012 3026 5412
1013 3024 5412
1014 3024 5411
1015 3022 5411
1016 3022 5410
1017 3020 5410
1018 3020 5409
1019 3018 5409
1020 3018 5408
1021 3016 5408
1022 3016 5407
1023 3014 5407
1024 3014 5406
1025 3012 5406
1026 3012 5405
1027 3010 5405
1028 3010 5404
1029 3008 5404
1030 3008 5403
1031 3006 5403
1032 3006 5402
1033 3004 5402
1034 3004 5401
1035 3002 5401
1036 3002 5400
1037 3000 5400
1038 3000 5399
1039 2998 5399
1040 2998 5398
1041 2996 5398
1042 2996 5397
1043 2994 5397
1044 2994 5396
1045 2992 5396
1046 2992 5395
1047 2990 5395
1048 2990 5394
1049 2988 5394
1050 2988 5393
1051 2986 5393
1052 2986 5392
1053 2984 5392
1054 2984 5391
1055 2983 5391
1056 2983 5390
1057 2981 5390
1058 2981 5389
1059 2979 5389
1060 2979 5388
1061 2977 5388
1062 2977 5387
1063 2975 5387
1064 2975 5386
1065 2973 5386
1066 2973 5385
1067 2972 5385
1068 2972 5384
1069 2970 5384
1070 2970 5383
1071 2968 5383
1072 2968 5382
1073 2966 5382
1074 2966 5381
1075 2965 5381
1076 2965 5380
1077 2963 5380
1078 2963 5379
1079 2961 5379
1080 2961 5378
1081 2960 5378
1082 2960 5377
1083 2958 5377
1084 2958 5376
1085 2956 5376
1086 2956 5375
1087 2955 5375
1088 2955 5374
1089 2953 5374
1090 2953 5373
1091 2951 5373
1092 2951 5372
1093 2950 5372
1094 2950 5371
1095 2948 5371
1096 2948 5370
1097 2946 5370
1098 2946 5369
1099 2945 5369
1100 2945 5368
1101 2943 5368
1102 2943 5367
1103 2941 5367
1104 2941 5366
1105 2940 5366
1106 2940 5365
1107 2938 5365
1108 2938 5364
1109 2937 5364
1110 2937 5363
1111 2935 5363
1112 2935 5362
1113 2934 5362
1114 2934 5361
1115 2932 5361
1116 2932 5360
1117 2931 5360
1118 2931 5359
1119 2929 5359
1120 2929 5358
1121 2927 5358
1122 2927 5357
1123 2926 5357
1124 2926 5356
1125 2924 5356
1126 2924 5355
1127 2923 5355
1128 2923 5354
1129 2921 5354
1130 2921 5353
1131 2920 5353
1132 2920 5352
1133 2918 5352
1134 2918 5351
1135 2917 5351
1136 2917 5350
1137 2916 5350
1138 2916 5349
1139 2914 5349
1140 2914 5348
1141 2913 5348
1142 2913 5347
1143 2911 5347
1144 2911 5346
1145 2910 5346
1146 2910 5345
1147 2908 5345
1148 2908 5344
1149 2907 5344
1150 2907 5343
1151 2906 5343
1152 2906 5342
1153 2904 5342
1154 2904 5341
1155 2903 5341
1156 2903 5340
1157 2901 5340
1158 2901 5339
1159 2900 5339
1160 2900 5338
1161 2899 5338
1162 2899 5337
1163 2897 5337
1164 2897 5336
1165 2896 5336
1166 2896 5335
1167 2894 5335
1168 2894 5334
1169 2893 5334
1170 2893 5333
1171 2892 5333
1172 2892 5332
1173 2890 5332
1174 2890 5331
1175 2889 5331
1176 2889 5330
1177 2888 5330
1178 2888 5329
1179 2886 5329
1180 2886 5328
1181 2885 5328
1182 2885 5327
1183 2884 5327
1184 2884 5326
1185 2883 5326
1186 2883 5325
1187 2881 5325
1188 2881 5324
1189 2880 5324
1190 2880 5323
1191 2879 5323
1192 2879 5322
1193 2877 5322
1194 2877 5321
1195 2876 5321
1196 2876 5320
1197 2875 5320
1198 2875 5319
1199 2874 5319
1200 2874 5318
1201 2872 5318
1202 2872 5317
1203 2871 5317
1204 2871 5316
1205 2870 5316
1206 2870 5315
1207 2869 5315
1208 2869 5314
1209 2867 5314
1210 2867 5313
1211 2866 5313
1212 2866 5312
1213 2865 5312
1214 2865 5311
1215 2864 5311
1216 2864 5310
1217 2862 5310
1218 2862 5309
1219 2861 5309
1220 2861 5308
1221 2860 5308
1222 2860 5307
1223 2859 5307
1224 2859 5306
1225 2858 5306
1226 2858 5305
1227 2856 5305
1228 2856 5304
1229 2855 5304
1230 2855 5303
1231 2854 5303
1232 2854 5302
1233 2853 5302
1234 2853 5301
1235 2852 5301
1236 2852 5300
1237 2851 5300
1238 2851 5299
1239 2849 5299
1240 2849 5298
1241 2848 5298
1242 2848 5297
1243 2847 5297
1244 2847 5296
1245 2846 5296
1246 2846 5295
1247 2845 5295
1248 2845 5294
1249 2844 5294
1250 2844 5293
1251 2843 5293
1252 2843 5292
1253 2841 5292
1254 2841 5291
1255 2840 5291
1256 2840 5290
1257 2839 5290
1258 2839 5289
1259 2838 5289
1260 2838 5288
1261 2837 5288
1262 2837 5287
1263 2836 5287
1264 2836 5286
1265 2835 5286
1266 2835 5285
1267 2834 5285
1268 2834 5284
1269 2833 5284
1270 2833 5283
1271 2832 5283
1272 2832 5282
1273 2830 5282
1274 2830 5281
1275 2829 5281
1276 2829 5280
1277 2828 5280
1278 2828 5279
1279 2827 5279
1280 2827 5278
1281 2826 5278
1282 2826 5277
1283 2825 5277
1284 2825 5276
1285 2824 5276
1286 2824 5275
1287 2823 5275
1288 2823 5274
1289 2822 5274
1290 2822 5273
1291 2821 5273
1292 2821 5272
1293 2820 5272
1294 2820 5271
1295 2819 5271
1296 2819 5270
1297 2818 5270
1298 2818 5269
1299 2817 5269
1300 2817 5268
1301 2816 5268
1302 2816 5267
1303 2815 5267
1304 2815 5266
1305 2814 5266
1306 2814 5265
1307 2813 5265
1308 2813 5264
1309 2812 5264
1310 2812 5263
1311 2811 5263
1312 2811 5262
1313 2810 5262
1314 2810 5261
1315 2809 5261
1316 2809 5260
1317 2808 5260
1318 2808 5259
1319 2807 5259
1320 2807 5258
1321 2806 5258
1322 2806 5257
1323 2805 5257
1324 2805 5256
1325 2804 5256
1326 2804 5255
1327 2803 5255
1328 2803 5254
1329 2802 5254
1330 2802 5253
1331 2801 5253
1332 2801 5252
1333 2800 5252
1334 2800 5251
1335 2799 5251
1336 2799 5250
1337 2798 5250
1338 2798 5249
1339 2797 5249
1340 2797 5248
1341 2796 5248
1342 2796 5247
1343 2795 5247
1344 2795 5246
1345 2794 5246
1346 2794 5245
1347 2793 5245
1348 2793 5244
1349 2792 5244
1350 2792 5243
1351 2791 5243
1352 2791 5242
1353 2790 5242
1354 2790 5241
1355 2789 5241
1356 2789 5239
1357 2788 5239
1358 2788 5238
1359 2787 5238
1360 2787 5237
1361 2786 5237
1362 2786 5236
1363 2785 5236
1364 2785 5235
1365 2784 5235
1366 2784 5234
1367 2783 5234
1368 2783 5233
1369 2782 5233
1370 2782 5232
1371 2781 5232
1372 2781 5231
1373 2780 5231
1374 2780 5229
1375 2779 5229
1376 2779 5228
1377 2778 5228
1378 2778 5227
1379 2777 5227
1380 2777 5226
1381 2776 5226
1382 2776 5225
1383 2775 5225
1384 2775 5224
1385 2774 5224
1386 2774 5223
1387 2773 5223
1388 2773 5221
1389 2772 5221
1390 2772 5220
1391 2771 5220
1392 2771 5219
1393 2770 5219
1394 2770 5218
1395 2769 5218
1396 2769 5217
1397 2768 5217
1398 2768 5216
1399 2767 5216
1400 2767 5214
1401 2766 5214
1402 2766 5213
1403 2765 5213
1404 2765 5212
1405 2764 5212
1406 2764 5211
1407 2763 5211
1408 2763 5210
1409 2762 5210
1410 2762 5208
1411 2761 5208
1412 2761 5207
1413 2760 5207
1414 2760 5206
1415 2759 5206
1416 2759 5205
1417 2758 5205
1418 2758 5203
1419 2757 5203
1420 2757 5202
1421 2756 5202
1422 2756 5201
1423 2755 5201
1424 2755 5200
1425 2754 5200
1426 2754 5198
1427 2753 5198
1428 2753 5197
1429 2752 5197
1430 2752 5196
1431 2751 5196
1432 2751 5195
1433 2750 5195
1434 2750 5193
1435 2749 5193
1436 2749 5192
1437 2748 5192
1438 2748 5191
1439 2747 5191
1440 2747 5190
1441 2746 5190
1442 2746 5188
1443 2745 5188
1444 2745 5187
1445 2744 5187
1446 2744 5186
1447 2743 5186
1448 2743 5184
1449 2742 5184
1450 2742 5183
1451 2741 5183
1452 2741 5182
1453 2740 5182
1454 2740 5180
1455 2739 5180
1456 2739 5179
1457 2738 5179
1458 2738 5178
1459 2737 5178
1460 2737 5176
1461 2736 5176
1462 2736 5175
1463 2735 5175
1464 2735 5173
1465 2734 5173
1466 2734 5172
1467 2733 5172
1468 2733 5171
1469 2732 5171
1470 2732 5169
1471 2731 5169
1472 2731 5168
1473 2730 5168
1474 2730 5167
1475 2729 5167
1476 2729 5165
1477 2728 5165
1478 2728 5164
1479 2727 5164
1480 2727 5162
1481 2726 5162
1482 2726 5161
1483 2725 5161
1484 2725 5159
1485 2724 5159
1486 2724 5158
1487 2723 5158
1488 2723 5156
1489 2722 5156
1490 2722 5155
1491 2721 5155
1492 2721 5154
1493 2720 5154
1494 2720 5152
1495 2719 5152
1496 2719 5151
1497 2718 5151
1498 2718 5149
1499 2717 5149
1500 2717 5148
1501 2716 5148
1502 2716 5146
1503 2715 5146
1504 2715 5144
1505 2714 5144
1506 2714 5143
1507 2713 5143
1508 2713 5141
1509 2712 5141
1510 2712 5140
1511 2711 5140
1512 2711 5138
1513 2710 5138
1514 2710 5137
1515 2709 5137
1516 2709 5135
1517 2708 5135
1518 2708 5134
1519 2707 5134
1520 2707 5132
1521 2706 5132
1522 2706 5130
1523 2705 5130
1524 2705 5129
1525 2704 5129
1526 2704 5127
1527 2703 5127
1528 2703 5126
1529 2702 5126
1530 2702 5124
1531 2701 5124
1532 2701 5122
1533 2700 5122
1534 2700 5121
1535 2699 5121
1536 2699 5119
1537 2698 5119
1538 2698 5117
1539 2697 5117
1540 2697 5116
1541 2696 5116
1542 2696 5114
1543 2695 5114
1544 2695 5112
1545 2694 5112
1546 2694 5110
1547 2693 5110
1548 2693 5109
1549 2692 5109
1550 2692 5107
1551 2691 5107
1552 2691 5105
1553 2690 5105
1554 2690 5103
1555 2689 5103
1556 2689 5102
1557 2688 5102
1558 2688 5100
1559 2687 5100
1560 2687 5098
1561 2686 5098
1562 2686 5096
1563 2685 5096
1564 2685 5094
1565 2684 5094
1566 2684 5093
1567 2683 5093
1568 2683 5091
1569 2682 5091
1570 2682 5089
1571 2681 5089
1572 2681 5087
1573 2680 5087
1574 2680 5085
1575 2679 5085
1576 2679 5083
1577 2678 5083
1578 2678 5081
1579 2677 5081
1580 2677 5079
1581 2676 5079
1582 2676 5077
1583 2675 5077
1584 2675 5076
1585 2674 5076
1586 2674 5074
1587 2673 5074
1588 2673 5072
1589 2672 5072
1590 2672 5070
1591 2671 5070
1592 2671 5068
1593 2670 5068
1594 2670 5065
1595 2669 5065
1596 2669 5063
1597 2668 5063
1598 2668 5061
1599 2667 5061
1600 2667 5059
1601 2666 5059
1602 2666 5057
1603 2665 5057
1604 2665 5055
1605 2664 5055
1606 2664 5053
1607 2663 5053
1608 2663 5051
1609 2662 5051
1610 2662 5049
1611 2661 5049
1612 2661 5046
1613 2660 5046
1614 2660 5044
1615 2659 5044
1616 2659 5042
1617 2658 5042
1618 2658 5040
1619 2657 5040
1620 2657 5037
1621 2656 5037
1622 2656 5035
1623 2655 5035
1624 2655 5033
1625 2654 5033
1626 2654 5030
1627 2653 5030
1628 2653 5028
1629 2652 5028
1630 2652 5026
1631 2651 5026
1632 2651 5023
1633 2650 5023
1634 2650 5021
1635 2649 5021
1636 2649 5018
1637 2648 5018
1638 2648 5016
1639 2647 5016
1640 2647 5013
1641 2646 5013
1642 2646 5011
1643 2645 5011
1644 2645 5008
1645 2644 5008
1646 2644 5006
1647 2643 5006
1648 2643 5003
1649 2642 5003
1650 2642 5000
1651 2641 5000
1652 2641 4998
1653 2640 4998
1654 2640 4995
1655 2639 4995
1656 2639 4992
1657 2638 4992
1658 2638 4989
1659 2637 4989
1660 2637 4987
1661 2636 4987
1662 2636 4984
1663 2635 4984
1664 2635 4981
1665 2634 4981
1666 2634 4978
1667 2633 4978
1668 2633 4975
1669 2632 4975
1670 2632 4972
1671 2631 4972
1672 2631 4969
1673 2630 4969
1674 2630 4966
1675 2629 4966
1676 2629 4962
1677 2628 4962
1678 2628 4959
1679 2627 4959
1680 2627 4956
1681 2626 4956
1682 2626 4953
1683 2625 4953
1684 2625 4949
1685 2624 4949
1686 2624 4946
1687 2623 4946
1688 2623 4942
1689 2622 4942
1690 2622 4939
1691 2621 4939
1692 2621 4935
1693 2620 4935
1694 2620 4931
1695 2619 4931
1696 2619 4927
1697 2618 4927
1698 2618 4923
1699 2617 4923
1700 2617 4919
1701 2616 4919
1702 2616 4915
1703 2615 4915
1704 2615 4911
1705 2614 4911
1706 2614 4906
1707 2613 4906
1708 2613 4902
1709 2612 4902
1710 2612 4897
1711 2611 4897
1712 2611 4892
1713 2610 4892
1714 2610 4887
1715 2609 4887
1716 2609 4882
1717 2608 4882
1718 2608 4877
1719 2607 4877
1720 2607 4871
1721 2606 4871
1722 2606 4865
1723 2605 4865
1724 2605 4859
1725 2604 4859
1726 2604 4852
1727 2603 4852
1728 2603 4845
1729 2602 4845
1730 2602 4838
1731 2601 4838
1732 2601 4829
1733 2600 4829
1734 2600 4820
1735 2599 4820
1736 2599 4809
1737 2598 4809
1738 2598 4795
1739 2597 4795
1740 2597 4776
1741 2596 4776
1742 2596 4722
1743 2597 4722
1744 2597 4703
1745 2598 4703
1746 2598 4689
1747 2599 4689
1748 2599 4678
1749 2600 4678
1750 2600 4669
1751 2601 4669
1752 2601 4660
1753 2602 4660
1754 2602 4653
1755 2603 4653
1756 2603 4646
1757 2604 4646
1758 2604 4639
1759 2605 4639
1760 2605 4633
1761 2606 4633
1762 2606 4627
1763 2607 4627
1764 2607 4621
1765 2608 4621
1766 2608 4616
1767 2609 4616
1768 2609 4611
1769 2610 4611
1770 2610 4606
1771 2611 4606
1772 2611 4601
1773 2612 4601
1774 2612 4596
1775 2613 4596
1776 2613 4592
1777 2614 4592
1778 2614 4587
1779 2615 4587
1780 2615 4583
1781 2616 4583
1782 2616 4579
1783 2617 4579
1784 2617 4575
1785 2618 4575
1786 2618 4571
1787 2619 4571
1788 2619 4567
1789 2620 4567
1790 2620 4563
1791 2621 4563
1792 2621 4559
1793 2622 4559
1794 2622 4556
1795 2623 4556
1796 2623 4552
1797 2624 4552
1798 2624 4549
1799 2625 4549
1800 2625 4545
1801 2626 4545
1802 2626 4542
1803 2627 4542
1804 2627 4539
1805 2628 4539
1806 2628 4536
1807 2629 4536
1808 2629 4532
1809 2630 4532
1810 2630 4529
1811 2631 4529
1812 2631 4526
1813 2632 4526
1814 2632 4523
1815 2633 4523
1816 2633 4520
1817 2634 4520
1818 2634 4517
1819 2635 4517
1820 2635 4514
1821 2636 4514
1822 2636 4511
1823 2637 4511
1824 2637 4509
1825 2638 4509
1826 2638 4506
1827 2639 4506
1828 2639 4503
1829 2640 4503
1830 2640 4500
1831 2641 4500
1832 2641 4498
1833 2642 4498
1834 2642 4495
1835 2643 4495
1836 2643 4492
1837 2644 4492
1838 2644 4490
1839 2645 4490
1840 2645 4487
1841 2646 4487
1842 2646 4485
1843 2647 4485
1844 2647 4482
1845 2648 4482
1846 2648 4480
1847 2649 4480
1848 2649 4477
1849 2650 4477
1850 2650 4475
1851 2651 4475
1852 2651 4472
1853 2652 4472
1854 2652 4470
1855 2653 4470
1856 2653 4468
1857 2654 4468
1858 2654 4465
1859 2655 4465
1860 2655 4463
1861 2656 4463
1862 2656 4461
1863 2657 4461
1864 2657 4458
1865 2658 4458
1866 2658 4456
1867 2659 4456
1868 2659 4454
1869 2660 4454
1870 2660 4452
1871 2661 4452
1872 2661 4449
1873 2662 4449
1874 2662 4447
1875 2663 4447
1876 2663 4445
1877 2664 4445
1878 2664 4443
1879 2665 4443
1880 2665 4441
1881 2666 4441
1882 2666 4439
1883 2667 4439
1884 2667 4437
1885 2668 4437
1886 2668 4435
1887 2669 4435
1888 2669 4433
1889 2670 4433
1890 2670 4430
1891 2671 4430
1892 2671 4428
1893 2672 4428
1894 2672 4426
1895 2673 4426
1896 2673 4424
1897 2674 4424
1898 2674 4422
1899 2675 4422
1900 2675 4421
1901 2676 4421
1902 2676 4419
1903 2677 4419
1904 2677 4417
1905 2678 4417
1906 2678 4415
1907 2679 4415
1908 2679 4413
1909 2680 4413
1910 2680 4411
1911 2681 4411
1912 2681 4409
1913 2682 4409
1914 2682 4407
1915 2683 4407
1916 2683 4405
1917 2684 4405
1918 2684 4404
1919 2685 4404
1920 2685 4402
1921 2686 4402
1922 2686 4400
1923 2687 4400
1924 2687 4398
1925 2688 4398
1926 2688 4396
1927 2689 4396
1928 2689 4395
1929 2690 4395
1930 2690 4393
1931 2691 4393
1932 2691 4391
1933 2692 4391
1934 2692 4389
1935 2693 4389
1936 2693 4388
1937 2694 4388
1938 2694 4386
1939 2695 4386
1940 2695 4384
1941 2696 4384
1942 2696 4382
1943 2697 4382
1944 2697 4381
1945 2698 4381
1946 2698 4379
1947 2699 4379
1948 2699 4377
1949 2700 4377
1950 2700 4376
1951 2701 4376
1952 2701 4374
1953 2702 4374
1954 2702 4372
1955 2703 4372
1956 2703 4371
1957 2704 4371
1958 2704 4369
1959 2705 4369
1960 2705 4368
1961 2706 4368
1962 2706 4366
1963 2707 4366
1964 2707 4364
1965 2708 4364
1966 2708 4363
1967 2709 4363
1968 2709 4361
1969 2710 4361
1970 2710 4360
1971 2711 4360
1972 2711 4358
1973 2712 4358
1974 2712 4357
1975 2713 4357
1976 2713 4355
1977 2714 4355
1978 2714 4354
1979 2715 4354
1980 2715 4352
1981 2716 4352
1982 2716 4350
1983 2717 4350
1984 2717 4349
1985 2718 4349
1986 2718 4347
1987 2719 4347
1988 2719 4346
1989 2720 4346
1990 2720 4344
1991 2721 4344
1992 2721 4343
1993 2722 4343
1994 2722 4342
1995 2723 4342
1996 2723 4340
1997 2724 4340
1998 2724 4339
1999 2725 4339
2000 2725 4337
2001 2726 4337
2002 2726 4336
2003 2727 4336
2004 2727 4334
2005 2728 4334
2006 2728 4333
2007 2729 4333
2008 2729 4331
2009 2730 4331
2010 2730 4330
2011 2731 4330
2012 2731 4329
2013 2732 4329
2014 2732 4327
2015 2733 4327
2016 2733 4326
2017 2734 4326
2018 2734 4325
2019 2735 4325
2020 2735 4323
2021 2736 4323
2022 2736 4322
2023 2737 4322
2024 2737 4320
2025 2738 4320
2026 2738 4319
2027 2739 4319
2028 2739 4318
2029 2740 4318
2030 2740 4316
2031 2741 4316
2032 2741 4315
2033 2742 4315
2034 2742 4314
2035 2743 4314
2036 2743 4312
2037 2744 4312
2038 2744 4311
2039 2745 4311
2040 2745 4310
2041 2746 4310
2042 2746 4308
2043 2747 4308
2044 2747 4307
2045 2748 4307
2046 2748 4306
2047 2749 4306
2048 2749 4305
2049 2750 4305
2050 2750 4303
2051 2751 4303
2052 2751 4302
2053 2752 4302
2054 2752 4301
2055 2753 4301
2056 2753 4300
2057 2754 4300
2058 2754 4298
2059 2755 4298
2060 2755 4297
2061 2756 4297
2062 2756 4296
2063 2757 4296
2064 2757 4295
2065 2758 4295
2066 2758 4293
2067 2759 4293
2068 2759 4292
2069 2760 4292
2070 2760 4291
2071 2761 4291
2072 2761 4290
2073 2762 4290
2074 2762 4288
2075 2763 4288
2076 2763 4287
2077 2764 4287
2078 2764 4286
2079 2765 4286
2080 2765 4285
2081 2766 4285
2082 2766 4284
2083 2767 4284
2084 2767 4282
2085 2768 4282
2086 2768 4281
2087 2769 4281
2088 2769 4280
2089 2770 4280
2090 2770 4279
2091 2771 4279
2092 2771 4278
2093 2772 4278
2094 2772 4277
2095 2773 4277
2096 2773 4275
2097 2774 4275
2098 2774 4274
2099 2775 4274
2100 2775 4273
2101 2776 4273
2102 2776 4272
2103 2777 4272
2104 2777 4271
2105 2778 4271
2106 2778 4270
2107 2779 4270
2108 2779 4269
2109 2780 4269
2110 2780 4267
2111 2781 4267
2112 2781 4266
2113 2782 4266
2114 2782 4265
2115 2783 4265
2116 2783 4264
2117 2784 4264
2118 2784 4263
2119 2785 4263
2120 2785 4262
2121 2786 4262
2122 2786 4261
2123 2787 4261
2124 2787 4260
2125 2788 4260
2126 2788 4259
2127 2789 4259
2128 2789 4257
2129 2790 4257
2130 2790 4256
2131 2791 4256
2132 2791 4255
2133 2792 4255
2134 2792 4254
2135 2793 4254
2136 2793 4253
2137 2794 4253
2138 2794 4252
2139 2795 4252
2140 2795 4251
2141 2796 4251
2142 2796 4250
2143 2797 4250
2144 2797 4249
2145 2798 4249
2146 2798 4248
2147 2799 4248
2148 2799 4247
2149 2800 4247
2150 2800 4246
2151 2801 4246
2152 2801 4245
2153 2802 4245
2154 2802 4244
2155 2803 4244
2156 2803 4243
2157 2804 4243
2158 2804 4242
2159 2805 4242
2160 2805 4241
2161 2806 4241
2162 2806 4240
2163 2807 4240
2164 2807 4239
2165 2808 4239
2166 2808 4238
2167 2809 4238
2168 2809 4237
2169 2810 4237
2170 2810 4236
2171 2811 4236
2172 2811 4235
2173 2812 4235
2174 2812 4234
2175 2813 4234
2176 2813 4233
2177 2814 4233
2178 2814 4232
2179 2815 4232
2180 2815 4231
2181 2816 4231
2182 2816 4230
2183 2817 4230
2184 2817 4229
2185 2818 4229
2186 2818 4228
2187 2819 4228
2188 2819 4227
2189 2820 4227
2190 2820 4226
2191 2821 4226
2192 2821 4225
2193 2822 4225
2194 2822 4224
2195 2823 4224
2196 2823 4223
2197 2824 4223
2198 2824 4222
2199 2825 4222
2200 2825 4221
2201 2826 4221
2202 2826 4220
2203 2827 4220
2204 2827 4219
2205 2828 4219
2206 2828 4218
2207 2829 4218
2208 2829 4217
2209 2830 4217
2210 2830 4216
2211 2832 4216
2212 2832 4215
2213 2833 4215
2214 2833 4214
2215 2834 4214
2216 2834 4213
2217 2835 4213
2218 2835 4212
2219 2836 4212
2220 2836 4211
2221 2837 4211
2222 2837 4210
2223 2838 4210
2224 2838 4209
2225 2839 4209
2226 2839 4208
2227 2840 4208
2228 2840 4207
2229 2841 4207
2230 2841 4206
2231 2843 4206
2232 2843 4205
2233 2844 4205
2234 2844 4204
2235 2845 4204
2236 2845 4203
2237 2846 4203
2238 2846 4202
2239 2847 4202
2240 2847 4201
2241 2848 4201
2242 2848 4200
2243 2849 4200
2244 2849 4199
2245 2851 4199
2246 2851 4198
2247 2852 4198
2248 2852 4197
2249 2853 4197
2250 2853 4196
2251 2854 4196
2252 2854 4195
2253 2855 4195
2254 2855 4194
2255 2856 4194
2256 2856 4193
2257 2858 4193
2258 2858 4192
2259 2859 4192
2260 2859 4191
2261 2860 4191
2262 2860 4190
2263 2861 4190
2264 2861 4189
2265 2862 4189
2266 2862 4188
2267 2864 4188
2268 2864 4187
2269 2865 4187
2270 2865 4186
2271 2866 4186
2272 2866 4185
2273 2867 4185
2274 2867 4184
2275 2869 4184
2276 2869 4183
2277 2870 4183
2278 2870 4182
2279 2871 4182
2280 2871 4181
2281 2872 4181
2282 2872 4180
2283 2874 4180
2284 2874 4179
2285 2875 4179
2286 2875 4178
2287 2876 4178
2288 2876 4177
2289 2877 4177
2290 2877 4176
2291 2879 4176
2292 2879 4175
2293 2880 4175
2294 2880 4174
2295 2881 4174
2296 2881 4173
2297 2883 4173
2298 2883 4172
2299 2884 4172
2300 2884 4171
2301 2885 4171
2302 2885 4170
2303 2886 4170
2304 2886 4169
2305 2888 4169
2306 2888 4168
2307 2889 4168
2308 2889 4167
2309 2890 4167
2310 2890 4166
2311 2892 4166
2312 2892 4165
2313 2893 4165
2314 2893 4164
2315 2894 4164
2316 2894 4163
2317 2896 4163
2318 2896 4162
2319 2897 4162
2320 2897 4161
2321 2899 4161
2322 2899 4160
2323 2900 4160
2324 2900 4159
2325 2901 4159
2326 2901 4158
2327 2903 4158
2328 2903 4157
2329 2904 4157
2330 2904 4156
2331 2906 4156
2332 2906 4155
2333 2907 4155
2334 2907 4154
2335 2908 4154
2336 2908 4153
2337 2910 4153
2338 2910 4152
2339 2911 4152
2340 2911 4151
2341 2913 4151
2342 2913 4150
2343 2914 4150
2344 2914 4149
2345 2916 4149
2346 2916 4148
2347 2917 4148
2348 2917 4147
2349 2918 4147
2350 2918 4146
2351 2920 4146
2352 2920 4145
2353 2921 4145
2354 2921 4144
2355 2923 4144
2356 2923 4143
2357 2924 4143
2358 2924 4142
2359 2926 4142
2360 2926 4141
2361 2927 4141
2362 2927 4140
2363 2929 4140
2364 2929 4139
2365 2931 4139
2366 2931 4138
2367 2932 4138
2368 2932 4137
2369 2934 4137
2370 2934 4136
2371 2935 4136
2372 2935 4135
2373 2937 4135
2374 2937 4134
2375 2938 4134
2376 2938 4133
2377 2940 4133
2378 2940 4132
2379 2941 4132
2380 2941 4131
2381 2943 4131
2382 2943 4130
2383 2945 4130
2384 2945 4129
2385 2946 4129
2386 2946 4128
2387 2948 4128
2388 2948 4127
2389 2950 4127
2390 2950 4126
2391 2951 4126
2392 2951 4125
2393 2953 4125
2394 2953 4124
2395 2955 4124
2396 2955 4123
2397 2956 4123
2398 2956 4122
2399 2958 4122
2400 2958 4121
2401 2960 4121
2402 2960 4120
2403 2961 4120
2404 2961 4119
2405 2963 4119
2406 2963 4118
2407 2965 4118
2408 2965 4117
2409 2966 4117
2410 2966 4116
2411 2968 4116
2412 2968 4115
2413 2970 4115
2414 2970 4114
2415 2972 4114
2416 2972 4113
2417 2973 4113
2418 2973 4112
2419 2975 4112
2420 2975 4111
2421 2977 4111
2422 2977 4110
2423 2979 4110
2424 2979 4109
2425 2981 4109
2426 2981 4108
2427 2983 4108
2428 2983 4107
2429 2984 4107
2430 2984 4106
2431 2986 4106
2432 2986 4105
2433 2988 4105
2434 2988 4104
2435 2990 4104
2436 2990 4103
2437 2992 4103
2438 2992 4102
2439 2994 4102
2440 2994 4101
2441 2996 4101
2442 2996 4100
2443 2998 4100
2444 2998 4099
2445 3000 4099
2446 3000 4098
2447 3002 4098
2448 3002 4097
2449 3004 4097
2450 3004 4096
2451 3006 4096
2452 3006 4095
2453 3008 4095
2454 3008 4094
2455 3010 4094
2456 3010 4093
2457 3012 4093
2458 3012 4092
2459 3014 4092
2460 3014 4091
2461 3016 4091
2462 3016 4090
2463 3018 4090
2464 3018 4089
2465 3020 4089
2466 3020 4088
2467 3022 4088
2468 3022 4087
2469 3024 4087
2470 3024 4086
2471 3026 4086
2472 3026 4085
2473 3029 4085
2474 3029 4084
2475 3031 4084
2476 3031 4083
2477 3033 4083
2478 3033 4082
2479 3035 4082
2480 3035 4081
2481 3037 4081
2482 3037 4080
2483 3040 4080
2484 3040 4079
2485 3042 4079
2486 3042 4078
2487 3044 4078
2488 3044 4077
2489 3047 4077
2490 3047 4076
2491 3049 4076
2492 3049 4075
2493 3051 4075
2494 3051 4074
2495 3054 4074
2496 3054 4073
2497 3056 4073
2498 3056 4072
2499 3059 4072
2500 3059 4071
2501 3061 4071
2502 3061 4070
2503 3064 4070
2504 3064 4069
2505 3066 4069
2506 3066 4068
2507 3069 4068
2508 3069 4067
2509 3071 4067
2510 3071 4066
2511 3074 4066
2512 3074 4065
2513 3077 4065
2514 3077 4064
2515 3079 4064
2516 3079 4063
2517 3082 4063
2518 3082 4062
2519 3085 4062
2520 3085 4061
2521 3087 4061
2522 3087 4060
2523 3090 4060
2524 3090 4059
2525 3093 4059
2526 3093 4058
2527 3096 4058
2528 3096 4057
2529 3099 4057
2530 3099 4056
2531 3102 4056
2532 3102 4055
2533 3105 4055
2534 3105 4054
2535 3108 4054
2536 3108 4053
2537 3111 4053
2538 3111 4052
2539 3114 4052
2540 3114 4051
2541 3117 4051
2542 3117 4050
2543 3120 4050
2544 3120 4049
2545 3123 4049
2546 3123 4048
2547 3127 4048
2548 3127 4047
2549 3130 4047
2550 3130 4046
2551 3133 4046
2552 3133 4045
2553 3137 4045
2554 3137 4044
2555 3140 4044
2556 3140 4043
2557 3144 4043
2558 3144 4042
2559 3148 4042
2560 3148 4041
2561 3152 4041
2562 3152 4040
2563 3155 4040
2564 3155 4039
2565 3159 4039
2566 3159 4038
2567 3163 4038
2568 3163 4037
2569 3167 4037
2570 3167 4036
2571 3172 4036
2572 3172 4035
2573 3176 4035
2574 3176 4034
2575 3180 4034
2576 3180 4033
2577 3185 4033
2578 3185 4032
2579 3189 4032
2580 3189 4031
2581 3194 4031
2582 3194 4030
2583 3199 4030
2584 3199 4029
2585 3204 4029
2586 3204 4028
2587 3210 4028
2588 3210 4027
2589 3215 4027
2590 3215 4026
2591 3221 4026
2592 3221 4025
2593 3227 4025
2594 3227 4024
2595 3234 4024
2596 3234 4023
2597 3241 4023
2598 3241 4022
2599 3248 4022
2600 3248 4021
2601 3256 4021
2602 3256 4020
2603 3265 4020
2604 3265 4019
2605 3275 4019
2606 3275 4018
2607 3286 4018
2608 3286 4017
2609 3300 4017
2610 3300 4016
2611 3320 4016
2612 3320 4015
2613 3376 4015
2614 3376 4016
2615 3396 4016
2616 3396 4017
2617 3410 4017
2618 3410 4018
2619 3421 4018
2620 3421 4019
2621 3431 4019
2622 3431 4020
2623 3440 4020
2624 3440 4021
2625 3448 4021
2626 3448 4022
2627 3455 4022
2628 3455 4023
2629 3462 4023
2630 3462 4024
2631 3469 4024
2632 3469 4025
2633 3475 4025
2634 3475 4026
2635 3481 4026
2636 3481 4027
2637 3486 4027
2638 3486 4028
2639 3492 4028
2640 3492 4029
2641 3497 4029
2642 3497 4030
2643 3502 4030
2644 3502 4031
2645 3507 4031
2646 3507 4032
2647 3511 4032
2648 3511 4033
2649 3516 4033
2650 3516 4034
2651 3520 4034
2652 3520 4035
2653 3524 4035
2654 3524 4036
2655 3529 4036
2656 3529 4037
2657 3533 4037
2658 3533 4038
2659 3537 4038
2660 3537 4039
2661 3541 4039
2662 3541 4040
2663 3544 4040
2664 3544 4041
2665 3548 4041
2666 3548 4042
2667 3552 4042
2668 3552 4043
2669 3556 4043
2670 3556 4044
2671 3559 4044
2672 3559 4045
2673 3563 4045
2674 3563 4046
2675 3566 4046
2676 3566 4047
2677 3569 4047
2678 3569 4048
2679 3573 4048
2680 3573 4049
2681 3576 4049
2682 3576 4050
2683 3579 4050
2684 3579 4051
2685 3582 4051
2686 3582 4052
2687 3585 4052
2688 3585 4053
2689 3588 4053
2690 3588 4054
2691 3591 4054
2692 3591 4055
2693 3594 4055
2694 3594 4056
2695 3597 4056
2696 3597 4057
2697 3600 4057
2698 3600 4058
2699 3603 4058
2700 3603 4059
2701 3606 4059
2702 3606 4060
2703 3609 4060
2704 3609 4061
2705 3611 4061
2706 3611 4062
2707 3614 4062
2708 3614 4063
2709 3617 4063
2710 3617 4064
2711 3619 4064
2712 3619 4065
2713 3622 4065
2714 3622 4066
2715 3625 4066
2716 3625 4067
2717 3627 4067
2718 3627 4068
2719 3630 4068
2720 3630 4069
2721 3632 4069
2722 3632 4070
2723 3635 4070
2724 3635 4071
2725 3637 4071
2726 3637 4072
2727 3640 4072
2728 3640 4073
2729 3642 4073
2730 3642 4074
2731 3645 4074
2732 3645 4075
2733 3647 4075
2734 3647 4076
2735 3649 4076
2736 3649 4077
2737 3652 4077
2738 3652 4078
2739 3654 4078
2740 3654 4079
2741 3656 4079
2742 3656 4080
2743 3659 4080
2744 3659 4081
2745 3661 4081
2746 3661 4082
2747 3663 4082
2748 3663 4083
2749 3665 4083
2750 3665 4084
2751 3667 4084
2752 3667 4085
2753 3670 4085
2754 3670 4086
2755 3672 4086
2756 3672 4087
2757 3674 4087
2758 3674 4088
2759 3676 4088
2760 3676 4089
2761 3678 4089
2762 3678 4090
2763 3680 4090
2764 3680 4091
2765 3682 4091
2766 3682 4092
2767 3684 4092
2768 3684 4093
2769 3686 4093
2770 3686 4094
2771 3688 4094
2772 3688 4095
2773 3690 4095
2774 3690 4096
2775 3692 4096
2776 3692 4097
2777 3694 4097
2778 3694 4098
2779 3696 4098
2780 3696 4099
2781 3698 4099
2782 3698 4100
2783 3700 4100
2784 3700 4101
2785 3702 4101
2786 3702 4102
2787 3704 4102
2788 3704 4103
2789 3706 4103
2790 3706 4104
2791 3708 4104
2792 3708 4105
2793 3710 4105
2794 3710 4106
2795 3712 4106
2796 3712 4107
2797 3713 4107
2798 3713 4108
2799 3715 4108
2800 3715 4109
2801 3717 4109
2802 3717 4110
2803 3719 4110
2804 3719 4111
2805 3721 4111
2806 3721 4112
2807 3723 4112
2808 3723 4113
2809 3724 4113
2810 3724 4114
2811 3726 4114
2812 3726 4115
2813 3728 4115
2814 3728 4116
2815 3730 4116
2816 3730 4117
2817 3731 4117
2818 3731 4118
2819 3733 4118
2820 3733 4119
2821 3735 4119
2822 3735 4120
2823 3736 4120
2824 3736 4121
2825 3738 4121
2826 3738 4122
2827 3740 4122
2828 3740 4123
2829 3741 4123
2830 3741 4124
2831 3743 4124
2832 3743 4125
2833 3745 4125
2834 3745 4126
2835 3746 4126
2836 3746 4127
2837 3748 4127
2838 3748 4128
2839 3750 4128
2840 3750 4129
2841 3751 4129
2842 3751 4130
2843 3753 4130
2844 3753 4131
2845 3755 4131
2846 3755 4132
2847 3756 4132
2848 3756 4133
2849 3758 4133
2850 3758 4134
2851 3759 4134
2852 3759 4135
2853 3761 4135
2854 3761 4136
2855 3762 4136
2856 3762 4137
2857 3764 4137
2858 3764 4138
2859 3765 4138
2860 3765 4139
2861 3767 4139
2862 3767 4140
2863 3769 4140
2864 3769 4141
2865 3770 4141
2866 3770 4142
2867 3772 4142
2868 3772 4143
2869 3773 4143
2870 3773 4144
2871 3775 4144
2872 3775 4145
2873 3776 4145
2874 3776 4146
2875 3778 4146
2876 3778 4147
2877 3779 4147
2878 3779 4148
2879 3780 4148
2880 3780 4149
2881 3782 4149
2882 3782 4150
2883 3783 4150
2884 3783 4151
2885 3785 4151
2886 3785 4152
2887 3786 4152
2888 3786 4153
2889 3788 4153
2890 3788 4154
2891 3789 4154
2892 3789 4155
2893 3790 4155
2894 3790 4156
2895 3792 4156
2896 3792 4157
2897 3793 4157
2898 3793 4158
2899 3795 4158
2900 3795 4159
2901 3796 4159
2902 3796 4160
2903 3797 4160
2904 3797 4161
2905 3799 4161
2906 3799 4162
2907 3800 4162
2908 3800 4163
2909 3802 4163
2910 3802 4164
2911 3803 4164
2912 3803 4165
2913 3804 4165
2914 3804 4166
2915 3806 4166
2916 3806 4167
2917 3807 4167
2918 3807 4168
2919 3808 4168
2920 3808 4169
2921 3810 4169
2922 3810 4170
2923 3811 4170
2924 3811 4171
2925 3812 4171
2926 3812 4172
2927 3813 4172
2928 3813 4173
2929 3815 4173
2930 3815 4174
2931 3816 4174
2932 3816 4175
2933 3817 4175
2934 3817 4176
2935 3819 4176
2936 3819 4177
2937 3820 4177
2938 3820 4178
2939 3821 4178
2940 3821 4179
2941 3822 4179
2942 3822 4180
2943 3824 4180
2944 3824 4181
2945 3825 4181
2946 3825 4182
2947 3826 4182
2948 3826 4183
2949 3827 4183
2950 3827 4184
2951 3829 4184
2952 3829 4185
2953 3830 4185
2954 3830 4186
2955 3831 4186
2956 3831 4187
2957 3832 4187
2958 3832 4188
2959 3834 4188
2960 3834 4189
2961 3835 4189
2962 3835 4190
2963 3836 4190
2964 3836 4191
2965 3837 4191
2966 3837 4192
2967 3838 4192
2968 3838 4193
2969 3840 4193
2970 3840 4194
2971 3841 4194
2972 3841 4195
2973 3842 4195
2974 3842 4196
2975 3843 4196
2976 3843 4197
2977 3844 4197
2978 3844 4198
2979 3845 4198
2980 3845 4199
2981 3847 4199
2982 3847 4200
2983 3848 4200
2984 3848 4201
2985 3849 4201
2986 3849 4202
2987 3850 4202
2988 3850 4203
2989 3851 4203
2990 3851 4204
2991 3852 4204
2992 3852 4205
2993 3853 4205
2994 3853 4206
2995 3855 4206
2996 3855 4207
2997 3856 4207
2998 3856 4208
2999 3857 4208
3000 3857 4209
3001 3858 4209
3002 3858 4210
3003 3859 4210
3004 3859 4211
3005 3860 4211
3006 3860 4212
3007 3861 4212
3008 3861 4213
3009 3862 4213
3010 3862 4214
3011 3863 4214
3012 3863 4215
3013 3864 4215
3014 3864 4216
3015 3866 4216
3016 3866 4217
3017 3867 4217
3018 3867 4218
3019 3868 4218
3020 3868 4219
3021 3869 4219
3022 3869 4220
3023 3870 4220
3024 3870 4221
3025 3871 4221
3026 3871 4222
3027 3872 4222
3028 3872 4223
3029 3873 4223
3030 3873 4224
3031 3874 4224
3032 3874 4225
3033 3875 4225
3034 3875 4226
3035 3876 4226
3036 3876 4227
3037 3877 4227
3038 3877 4228
3039 3878 4228
3040 3878 4229
3041 3879 4229
3042 3879 4230
3043 3880 4230
3044 3880 4231
3045 3881 4231
3046 3881 4232
3047 3882 4232
3048 3882 4233
3049 3883 4233
3050 3883 4234
3051 3884 4234
3052 3884 4235
3053 3885 4235
3054 3885 4236
3055 3886 4236
3056 3886 4237
3057 3887 4237
3058 3887 4238
3059 3888 4238
3060 3888 4239
3061 3889 4239
3062 3889 4240
3063 3890 4240
3064 3890 4241
3065 3891 4241
3066 3891 4242
3067 3892 4242
3068 3892 4243
3069 3893 4243
3070 3893 4244
3071 3894 4244
3072 3894 4245
3073 3895 4245
3074 3895 4246
3075 3896 4246
3076 3896 4247
3077 3897 4247
3078 3897 4248
3079 3898 4248
3080 3898 4249
3081 3899 4249
3082 3899 4250
3083 3900 4250
3084 3900 4251
3085 3901 4251
3086 3901 4252
3087 3902 4252
3088 3902 4253
3089 3903 4253
3090 3903 4254
3091 3904 4254
3092 3904 4255
3093 3905 4255
3094 3905 4256
3095 3906 4256
3096 3906 4257
3097 3907 4257
3098 3907 4259
3099 3908 4259
3100 3908 4260
3101 3909 4260
3102 3909 4261
3103 3910 4261
3104 3910 4262
3105 3911 4262
3106 3911 4263
3107 3912 4263
3108 3912 4264
3109 3913 4264
3110 3913 4265
3111 3914 4265
3112 3914 4266
3113 3915 4266
3114 3915 4267
3115 3916 4267
3116 3916 4269
3117 3917 4269
3118 3917 4270
3119 3918 4270
3120 3918 4271
3121 3919 4271
3122 3919 4272
3123 3920 4272
3124 3920 4273
3125 3921 4273
3126 3921 4274
3127 3922 4274
3128 3922 4275
3129 3923 4275
3130 3923 4277
3131 3924 4277
3132 3924 4278
3133 3925 4278
3134 3925 4279
3135 3926 4279
3136 3926 4280
3137 3927 4280
3138 3927 4281
3139 3928 4281
3140 3928 4282
3141 3929 4282
3142 3929 4284
3143 3930 4284
3144 3930 4285
3145 3931 4285
3146 3931 4286
3147 3932 4286
3148 3932 4287
3149 3933 4287
3150 3933 4288
3151 3934 4288
3152 3934 4290
3153 3935 4290
3154 3935 4291
3155 3936 4291
3156 3936 4292
3157 3937 4292
3158 3937 4293
3159 3938 4293
3160 3938 4295
3161 3939 4295
3162 3939 4296
3163 3940 4296
3164 3940 4297
3165 3941 4297
3166 3941 4298
3167 3942 4298
3168 3942 4300
3169 3943 4300
3170 3943 4301
3171 3944 4301
3172 3944 4302
3173 3945 4302
3174 3945 4303
3175 3946 4303
3176 3946 4305
3177 3947 4305
3178 3947 4306
3179 3948 4306
3180 3948 4307
3181 3949 4307
3182 3949 4308
3183 3950 4308
3184 3950 4310
3185 3951 4310
3186 3951 4311
3187 3952 4311
3188 3952 4312
3189 3953 4312
3190 3953 4314
3191 3954 4314
3192 3954 4315
3193 3955 4315
3194 3955 4316
3195 3956 4316
3196 3956 4318
3197 3957 4318
3198 3957 4319
3199 3958 4319
3200 3958 4320
3201 3959 4320
3202 3959 4322
3203 3960 4322
3204 3960 4323
3205 3961 4323
3206 3961 4325
3207 3962 4325
3208 3962 4326
3209 3963 4326
3210 3963 4327
3211 3964 4327
3212 3964 4329
3213 3965 4329
3214 3965 4330
3215 3966 4330
3216 3966 4331
3217 3967 4331
3218 3967 4333
3219 3968 4333
3220 3968 4334
3221 3969 4334
3222 3969 4336
3223 3970 4336
3224 3970 4337
3225 3971 4337
3226 3971 4339
3227 3972 4339
3228 3972 4340
3229 3973 4340
3230 3973 4342
3231 3974 4342
3232 3974 4343
3233 3975 4343
3234 3975 4344
3235 3976 4344
3236 3976 4346
3237 3977 4346
3238 3977 4347
3239 3978 4347
3240 3978 4349
3241 3979 4349
3242 3979 4350
3243 3980 4350
3244 3980 4352
3245 3981 4352
3246 3981 4354
3247 3982 4354
3248 3982 4355
3249 3983 4355
3250 3983 4357
3251 3984 4357
3252 3984 4358
3253 3985 4358
3254 3985 4360
3255 3986 4360
3256 3986 4361
3257 3987 4361
3258 3987 4363
3259 3988 4363
3260 3988 4364
3261 3989 4364
3262 3989 4366
3263 3990 4366
3264 3990 4368
3265 3991 4368
3266 3991 4369
3267 3992 4369
3268 3992 4371
3269 3993 4371
3270 3993 4372
3271 3994 4372
3272 3994 4374
3273 3995 4374
3274 3995 4376
3275 3996 4376
3276 3996 4377
3277 3997 4377
3278 3997 4379
3279 3998 4379
3280 3998 4381
3281 3999 4381
3282 3999 4382
3283 4000 4382
3284 4000 4384
3285 4001 4384
3286 4001 4386
3287 4002 4386
3288 4002 4388
3289 4003 4388
3290 4003 4389
3291 4004 4389
3292 4004 4391
3293 4005 4391
3294 4005 4393
3295 4006 4393
3296 4006 4395
3297 4007 4395
3298 4007 4396
3299 4008 4396
3300 4008 4398
3301 4009 4398
3302 4009 4400
3303 4010 4400
3304 4010 4402
3305 4011 4402
3306 4011 4404
3307 4012 4404
3308 4012 4405
3309 4013 4405
3310 4013 4407
3311 4014 4407
3312 4014 4409
3313 4015 4409
3314 4015 4411
3315 4016 4411
3316 4016 4413
3317 4017 4413
3318 4017 4415
3319 4018 4415
3320 4018 4417
3321 4019 4417
3322 4019 4419
3323 4020 4419
3324 4020 4421
3325 4021 4421
3326 4021 4422
3327 4022 4422
3328 4022 4424
3329 4023 4424
3330 4023 4426
3331 4024 4426
3332 4024 4428
3333 4025 4428
3334 4025 4430
3335 4026 4430
3336 4026 4433
3337 4027 4433
3338 4027 4435
3339 4028 4435
3340 4028 4437
3341 4029 4437
3342 4029 4439
3343 4030 4439
3344 4030 4441
3345 4031 4441
3346 4031 4443
3347 4032 4443
3348 4032 4445
3349 4033 4445
3350 4033 4447
3351 4034 4447
3352 4034 4449
3353 4035 4449
3354 4035 4452
3355 4036 4452
3356 4036 4454
3357 4037 4454
3358 4037 4456
3359 4038 4456
3360 4038 4458
3361 4039 4458
3362 4039 4461
3363 4040 4461
3364 4040 4463
3365 4041 4463
3366 4041 4465
3367 4042 4465
3368 4042 4468
3369 4043 4468
3370 4043 4470
3371 4044 4470
3372 4044 4472
3373 4045 4472
3374 4045 4475
3375 4046 4475
3376 4046 4477
3377 4047 4477
3378 4047 4480
3379 4048 4480
3380 4048 4482
3381 4049 4482
3382 4049 4485
3383 4050 4485
3384 4050 4487
3385 4051 4487
3386 4051 4490
3387 4052 4490
3388 4052 4492
3389 4053 4492
3390 4053 4495
3391 4054 4495
3392 4054 4498
3393 4055 4498
3394 4055 4500
3395 4056 4500
3396 4056 4503
3397 4057 4503
3398 4057 4506
3399 4058 4506
3400 4058 4509
3401 4059 4509
3402 4059 4511
3403 4060 4511
3404 4060 4514
3405 4061 4514
3406 4061 4517
3407 4062 4517
3408 4062 4520
3409 4063 4520
3410 4063 4523
3411 4064 4523
3412 4064 4526
3413 4065 4526
3414 4065 4529
3415 4066 4529
3416 4066 4532
3417 4067 4532
3418 4067 4536
3419 4068 4536
3420 4068 4539
3421 4069 4539
3422 4069 4542
3423 4070 4542
3424 4070 4545
3425 4071 4545
3426 4071 4549
3427 4072 4549
3428 4072 4552
3429 4073 4552
3430 4073 4556
3431 4074 4556
3432 4074 4559
3433 4075 4559
3434 4075 4563
3435 4076 4563
3436 4076 4567
3437 4077 4567
3438 4077 4571
3439 4078 4571
3440 4078 4575
3441 4079 4575
3442 4079 4579
3443 4080 4579
3444 4080 4583
3445 4081 4583
3446 4081 4587
3447 4082 4587
3448 4082 4592
3449 4083 4592
3450 4083 4596
3451 4084 4596
3452 4084 4601
3453 4085 4601
3454 4085 4606
3455 4086 4606
3456 4086 4611
3457 4087 4611
3458 4087 4616
3459 4088 4616
3460 4088 4621
3461 4089 4621
3462 4089 4627
3463 4090 4627
3464 4090 4633
3465 4091 4633
3466 4091 4639
3467 4092 4639
3468 4092 4646
3469 4093 4646
3470 4093 4653
3471 4094 4653
3472 4094 4660
3473 4095 4660
3474 4095 4669
3475 4096 4669
3476 4096 4678
3477 4097 4678
3478 4097 4689
3479 4098 4689
3480 4098 4703
3481 4099 4703
3482 4099 4722
3483 4100 4722
