0 4508 4112
1 4507 4112
2 4507 4139
3 4506 4139
4 4506 4157
5 4505 4157
6 4505 4172
7 4504 4172
8 4504 4184
9 4503 4184
10 4503 4196
11 4502 4196
12 4502 4206
13 4501 4206
14 4501 4216
15 4500 4216
16 4500 4225
17 4499 4225
18 4499 4233
19 4498 4233
20 4498 4241
21 4497 4241
22 4497 4249
23 4496 4249
24 4496 4256
25 4495 4256
26 4495 4263
27 4494 4263
28 4494 4270
29 4493 4270
30 4493 4277
31 4492 4277
32 4492 4283
33 4491 4283
34 4491 4289
35 4490 4289
36 4490 4295
37 4489 4295
38 4489 4301
39 4488 4301
40 4488 4306
41 4487 4306
42 4487 4312
43 4486 4312
44 4486 4317
45 4485 4317
46 4485 4323
47 4484 4323
48 4484 4328
49 4483 4328
50 4483 4333
51 4482 4333
52 4482 4338
53 4481 4338
54 4481 4343
55 4480 4343
56 4480 4347
57 4479 4347
58 4479 4352
59 4478 4352
60 4478 4356
61 4477 4356
62 4477 4361
63 4476 4361
64 4476 4365
65 4475 4365
66 4475 4370
67 4474 4370
68 4474 4374
69 4473 4374
70 4473 4378
71 4472 4378
72 4472 4382
73 4471 4382
74 4471 4387
75 4470 4387
76 4470 4391
77 4469 4391
78 4469 4395
79 4468 4395
80 4468 4399
81 4467 4399
82 4467 4402
83 4466 4402
84 4466 4406
85 4465 4406
86 4465 4410
87 4464 4410
88 4464 4414
89 4463 4414
90 4463 4417
91 4462 4417
92 4462 4421
93 4461 4421
94 4461 4425
95 4460 4425
96 4460 4428
97 4459 4428
98 4459 4432
99 4458 4432
100 4458 4435
101 4457 4435
102 4457 4439
103 4456 4439
104 4456 4442
105 4455 4442
106 4455 4446
107 4454 4446
108 4454 4449
109 4453 4449
110 4453 4452
111 4452 4452
112 4452 4456
113 4451 4456
114 4451 4459
115 4450 4459
116 4450 4462
117 4449 4462
118 4449 4465
119 4448 4465
120 4448 4468
121 4447 4468
122 4447 4472
123 4446 4472
124 4446 4475
125 4445 4475
126 4445 4478
127 4444 4478
128 4444 4481
129 4443 4481
130 4443 4484
131 4442 4484
132 4442 4487
133 4441 4487
134 4441 4490
135 4440 4490
136 4440 4493
137 4439 4493
138 4439 4496
139 4438 4496
140 4438 4499
141 4437 4499
142 4437 4502
143 4436 4502
144 4436 4504
145 4435 4504
146 4435 4507
147 4434 4507
148 4434 4510
149 4433 4510
150 4433 4513
151 4432 4513
152 4432 4516
153 4431 4516
154 4431 4519
155 4430 4519
156 4430 4521
157 4429 4521
158 4429 4524
159 4428 4524
160 4428 4527
161 4427 4527
162 4427 4529
163 4426 4529
164 4426 4532
165 4425 4532
166 4425 4535
167 4424 4535
168 4424 4537
169 4423 4537
170 4423 4540
171 4422 4540
172 4422 4543
173 4421 4543
174 4421 4545
175 4420 4545
176 4420 4548
177 4419 4548
178 4419 4550
179 4418 4550
180 4418 4553
181 4417 4553
182 4417 4555
183 4416 4555
184 4416 4558
185 4415 4558
186 4415 4560
187 4414 4560
188 4414 4563
189 4413 4563
190 4413 4565
191 4412 4565
192 4412 4568
193 4411 4568
194 4411 4570
195 4410 4570
196 4410 4573
197 4409 4573
198 4409 4575
199 4408 4575
200 4408 4577
201 4407 4577
202 4407 4580
203 4406 4580
204 4406 4582
205 4405 4582
206 4405 4584
207 4404 4584
208 4404 4587
209 4403 4587
210 4403 4589
211 4402 4589
212 4402 4591
213 4401 4591
214 4401 4594
215 4400 4594
216 4400 4596
217 4399 4596
218 4399 4598
219 4398 4598
220 4398 4601
221 4397 4601
222 4397 4603
223 4396 4603
224 4396 4605
225 4395 4605
226 4395 4607
227 4394 4607
228 4394 4609
229 4393 4609
230 4393 4612
231 4392 4612
232 4392 4614
233 4391 4614
234 4391 4616
235 4390 4616
236 4390 4618
237 4389 4618
238 4389 4620
239 4388 4620
240 4388 4623
241 4387 4623
242 4387 4625
243 4386 4625
244 4386 4627
245 4385 4627
246 4385 4629
247 4384 4629
248 4384 4631
249 4383 4631
250 4383 4633
251 4382 4633
252 4382 4635
253 4381 4635
254 4381 4637
255 4380 4637
256 4380 4639
257 4379 4639
258 4379 4641
259 4378 4641
260 4378 4643
261 4377 4643
262 4377 4646
263 4376 4646
264 4376 4648
265 4375 4648
266 4375 4650
267 4374 4650
268 4374 4652
269 4373 4652
270 4373 4654
271 4372 4654
272 4372 4656
273 4371 4656
274 4371 4658
275 4370 4658
276 4370 4660
277 4369 4660
278 4369 4662
279 4368 4662
280 4368 4664
281 4367 4664
282 4367 4665
283 4366 4665
284 4366 4667
285 4365 4667
286 4365 4669
287 4364 4669
288 4364 4671
289 4363 4671
290 4363 4673
291 4362 4673
292 4362 4675
293 4361 4675
294 4361 4677
295 4360 4677
296 4360 4679
297 4359 4679
298 4359 4681
299 4358 4681
300 4358 4683
301 4357 4683
302 4357 4685
303 4356 4685
304 4356 4686
305 4355 4686
306 4355 4688
307 4354 4688
308 4354 4690
309 4353 4690
310 4353 4692
311 4352 4692
312 4352 4694
313 4351 4694
314 4351 4696
315 4350 4696
316 4350 4697
317 4349 4697
318 4349 4699
319 4348 4699
320 4348 4701
321 4347 4701
322 4347 4703
323 4346 4703
324 4346 4705
325 4345 4705
326 4345 4706
327 4344 4706
328 4344 4708
329 4343 4708
330 4343 4710
331 4342 4710
332 4342 4712
333 4341 4712
334 4341 4714
335 4340 4714
336 4340 4715
337 4339 4715
338 4339 4717
339 4338 4717
340 4338 4719
341 4337 4719
342 4337 4721
343 4336 4721
344 4336 4722
345 4335 4722
346 4335 4724
347 4334 4724
348 4334 4726
349 4333 4726
350 4333 4727
351 4332 4727
352 4332 4729
353 4331 4729
354 4331 4731
355 4330 4731
356 4330 4732
357 4329 4732
358 4329 4734
359 4328 4734
360 4328 4736
361 4327 4736
362 4327 4737
363 4326 4737
364 4326 4739
365 4325 4739
366 4325 4741
367 4324 4741
368 4324 4742
369 4323 4742
370 4323 4744
371 4322 4744
372 4322 4746
373 4321 4746
374 4321 4747
375 4320 4747
376 4320 4749
377 4319 4749
378 4319 4751
379 4318 4751
380 4318 4752
381 4317 4752
382 4317 4754
383 4316 4754
384 4316 4756
385 4315 4756
386 4315 4757
387 4314 4757
388 4314 4759
389 4313 4759
390 4313 4760
391 4312 4760
392 4312 4762
393 4311 4762
394 4311 4763
395 4310 4763
396 4310 4765
397 4309 4765
398 4309 4767
399 4308 4767
400 4308 4768
401 4307 4768
402 4307 4770
403 4306 4770
404 4306 4771
405 4305 4771
406 4305 4773
407 4304 4773
408 4304 4774
409 4303 4774
410 4303 4776
411 4302 4776
412 4302 4777
413 4301 4777
414 4301 4779
415 4300 4779
416 4300 4781
417 4299 4781
418 4299 4782
419 4298 4782
420 4298 4784
421 4297 4784
422 4297 4785
423 4296 4785
424 4296 4787
425 4295 4787
426 4295 4788
427 4294 4788
428 4294 4790
429 4293 4790
430 4293 4791
431 4292 4791
432 4292 4793
433 4291 4793
434 4291 4794
435 4290 4794
436 4290 4796
437 4289 4796
438 4289 4797
439 4288 4797
440 4288 4799
441 4287 4799
442 4287 4800
443 4286 4800
444 4286 4801
445 4285 4801
446 4285 4803
447 4284 4803
448 4284 4804
449 4283 4804
450 4283 4806
451 4282 4806
452 4282 4807
453 4281 4807
454 4281 4809
455 4280 4809
456 4280 4810
457 4279 4810
458 4279 4812
459 4278 4812
460 4278 4813
461 4277 4813
462 4277 4814
463 4276 4814
464 4276 4816
465 4275 4816
466 4275 4817
467 4274 4817
468 4274 4819
469 4273 4819
470 4273 4820
471 4272 4820
472 4272 4821
473 4271 4821
474 4271 4823
475 4270 4823
476 4270 4824
477 4269 4824
478 4269 4826
479 4268 4826
480 4268 4827
481 4267 4827
482 4267 4828
483 4266 4828
484 4266 4830
485 4265 4830
486 4265 4831
487 4264 4831
488 4264 4832
489 4263 4832
490 4263 4834
491 4262 4834
492 4262 4835
493 4261 4835
494 4261 4837
495 4260 4837
496 4260 4838
497 4259 4838
498 4259 4839
499 4258 4839
500 4258 4841
501 4257 4841
502 4257 4842
503 4256 4842
504 4256 4843
505 4255 4843
506 4255 4845
507 4254 4845
508 4254 4846
509 4253 4846
510 4253 4847
511 4252 4847
512 4252 4849
513 4251 4849
514 4251 4850
515 4250 4850
516 4250 4851
517 4249 4851
518 4249 4853
519 4248 4853
520 4248 4854
521 4247 4854
522 4247 4855
523 4246 4855
524 4246 4856
525 4245 4856
526 4245 4858
527 4244 4858
528 4244 4859
529 4243 4859
530 4243 4860
531 4242 4860
532 4242 4862
533 4241 4862
534 4241 4863
535 4240 4863
536 4240 4864
537 4239 4864
538 4239 4865
539 4238 4865
540 4238 4867
541 4237 4867
542 4237 4868
543 4236 4868
544 4236 4869
545 4235 4869
546 4235 4871
547 4234 4871
548 4234 4872
549 4233 4872
550 4233 4873
551 4232 4873
552 4232 4874
553 4231 4874
554 4231 4876
555 4230 4876
556 4230 4877
557 4229 4877
558 4229 4878
559 4228 4878
560 4228 4879
561 4227 4879
562 4227 4881
563 4226 4881
564 4226 4882
565 4225 4882
566 4225 4883
567 4224 4883
568 4224 4884
569 4223 4884
570 4223 4885
571 4222 4885
572 4222 4887
573 4221 4887
574 4221 4888
575 4220 4888
576 4220 4889
577 4219 4889
578 4219 4890
579 4218 4890
580 4218 4891
581 4217 4891
582 4217 4893
583 4216 4893
584 4216 4894
585 4215 4894
586 4215 4895
587 4214 4895
588 4214 4896
589 4213 4896
590 4213 4897
591 4212 4897
592 4212 4899
593 4211 4899
594 4211 4900
595 4210 4900
596 4210 4901
597 4209 4901
598 4209 4902
599 4208 4902
600 4208 4903
601 4207 4903
602 4207 4905
603 4206 4905
604 4206 4906
605 4205 4906
606 4205 4907
607 4204 4907
608 4204 4908
609 4203 4908
610 4203 4909
611 4202 4909
612 4202 4910
613 4201 4910
614 4201 4912
615 4200 4912
616 4200 4913
617 4199 4913
618 4199 4914
619 4198 4914
620 4198 4915
621 4197 4915
622 4197 4916
623 4196 4916
624 4196 4917
625 4195 4917
626 4195 4918
627 4194 4918
628 4194 4920
629 4193 4920
630 4193 4921
631 4192 4921
632 4192 4922
633 4191 4922
634 4191 4923
635 4190 4923
636 4190 4924
637 4189 4924
638 4189 4925
639 4188 4925
640 4188 4926
641 4187 4926
642 4187 4927
643 4186 4927
644 4186 4929
645 4185 4929
646 4185 4930
647 4184 4930
648 4184 4931
649 4183 4931
650 4183 4932
651 4182 4932
652 4182 4933
653 4181 4933
654 4181 4934
655 4180 4934
656 4180 4935
657 4179 4935
658 4179 4936
659 4178 4936
660 4178 4937
661 4177 4937
662 4177 4938
663 4176 4938
664 4176 4939
665 4175 4939
666 4175 4941
667 4174 4941
668 4174 4942
669 4173 4942
670 4173 4943
671 4172 4943
672 4172 4944
673 4171 4944
674 4171 4945
675 4170 4945
676 4170 4946
677 4169 4946
678 4169 4947
679 4168 4947
680 4168 4948
681 4167 4948
682 4167 4949
683 4166 4949
684 4166 4950
685 4165 4950
686 4165 4951
687 4164 4951
688 4164 4952
689 4163 4952
690 4163 4953
691 4162 4953
692 4162 4954
693 4161 4954
694 4161 4955
695 4160 4955
696 4160 4956
697 4159 4956
698 4159 4958
699 4158 4958
700 4158 4959
701 4157 4959
702 4157 4960
703 4156 4960
704 4156 4961
705 4155 4961
706 4155 4962
707 4154 4962
708 4154 4963
709 4153 4963
710 4153 4964
711 4152 4964
712 4152 4965
713 4151 4965
714 4151 4966
715 4150 4966
716 4150 4967
717 4149 4967
718 4149 4968
719 4148 4968
720 4148 4969
721 4147 4969
722 4147 4970
723 4146 4970
724 4146 4971
725 4145 4971
726 4145 4972
727 4144 4972
728 4144 4973
729 4143 4973
730 4143 4974
731 4142 4974
732 4142 4975
733 4141 4975
734 4141 4976
735 4140 4976
736 4140 4977
737 4139 4977
738 4139 4978
739 4138 4978
740 4138 4979
741 4137 4979
742 4137 4980
743 4136 4980
744 4136 4981
745 4135 4981
746 4135 4982
747 4134 4982
748 4134 4983
749 4133 4983
750 4133 4984
751 4132 4984
752 4132 4985
753 4131 4985
754 4131 4986
755 4130 4986
756 4130 4987
757 4129 4987
758 4129 4988
759 4128 4988
760 4128 4989
761 4127 4989
762 4127 4990
763 4126 4990
764 4126 4991
765 4124 4991
766 4124 4992
767 4123 4992
768 4123 4993
769 4122 4993
770 4122 4994
771 4121 4994
772 4121 4995
773 4120 4995
774 4120 4996
775 4119 4996
776 4119 4997
777 4118 4997
778 4118 4998
779 4117 4998
780 4117 4999
781 4116 4999
782 4116 5000
783 4115 5000
784 4115 5001
785 4114 5001
786 4114 5002
787 4113 5002
788 4113 5003
789 4112 5003
790 4112 5004
791 4111 5004
792 4111 5005
793 4110 5005
794 4110 5006
795 4109 5006
796 4109 5007
797 4107 5007
798 4107 5008
799 4106 5008
800 4106 5009
801 4105 5009
802 4105 5010
803 4104 5010
804 4104 5011
805 4103 5011
806 4103 5012
807 4102 5012
808 4102 5013
809 4101 5013
810 4101 5014
811 4100 5014
812 4100 5015
813 4099 5015
814 4099 5016
815 4098 5016
816 4098 5017
817 4097 5017
818 4097 5018
819 4095 5018
820 4095 5019
821 4094 5019
822 4094 5020
823 4093 5020
824 4093 5021
825 4092 5021
826 4092 5022
827 4091 5022
828 4091 5023
829 4090 5023
830 4090 5024
831 4089 5024
832 4089 5025
833 4088 5025
834 4088 5026
835 4086 5026
836 4086 5027
837 4085 5027
838 4085 5028
839 4084 5028
840 4084 5029
841 4083 5029
842 4083 5030
843 4082 5030
844 4082 5031
845 4081 5031
846 4081 5032
847 4080 5032
848 4080 5033
849 4078 5033
850 4078 5034
851 4077 5034
852 4077 5035
853 4076 5035
854 4076 5036
855 4075 5036
856 4075 5037
857 4074 5037
858 4074 5038
859 4073 5038
860 4073 5039
861 4071 5039
862 4071 5040
863 4070 5040
864 4070 5041
865 4069 5041
866 4069 5042
867 4068 5042
868 4068 5043
869 4067 5043
870 4067 5044
871 4065 5044
872 4065 5045
873 4064 5045
874 4064 5046
875 4063 5046
876 4063 5047
877 4062 5047
878 4062 5048
879 4061 5048
880 4061 5049
881 4059 5049
882 4059 5050
883 4058 5050
884 4058 5051
885 4057 5051
886 4057 5052
887 4056 5052
888 4056 5053
889 4055 5053
890 4055 5054
891 4053 5054
892 4053 5055
893 4052 5055
894 4052 5056
895 4051 5056
896 4051 5057
897 4050 5057
898 4050 5058
899 4048 5058
900 4048 5059
901 4047 5059
902 4047 5060
903 4046 5060
904 4046 5061
905 4045 5061
906 4045 5062
907 4043 5062
908 4043 5063
909 4042 5063
910 4042 5064
911 4041 5064
912 4041 5065
913 4040 5065
914 4040 5066
915 4038 5066
916 4038 5067
917 4037 5067
918 4037 5068
919 4036 5068
920 4036 5069
921 4035 5069
922 4035 5070
923 4033 5070
924 4033 5071
925 4032 5071
926 4032 5072
927 4031 5072
928 4031 5073
929 4030 5073
930 4030 5074
931 4028 5074
932 4028 5075
933 4027 5075
934 4027 5076
935 4026 5076
936 4026 5077
937 4024 5077
938 4024 5078
939 4023 5078
940 4023 5079
941 4022 5079
942 4022 5080
943 4020 5080
944 4020 5081
945 4019 5081
946 4019 5082
947 4018 5082
948 4018 5083
949 4016 5083
950 4016 5084
951 4015 5084
952 4015 5085
953 4014 5085
954 4014 5086
955 4012 5086
956 4012 5087
957 4011 5087
958 4011 5088
959 4010 5088
960 4010 5089
961 4008 5089
962 4008 5090
963 4007 5090
964 4007 5091
965 4006 5091
966 4006 5092
967 4004 5092
968 4004 5093
969 4003 5093
970 4003 5094
971 4002 5094
972 4002 5095
973 4000 5095
974 4000 5096
975 3999 5096
976 3999 5097
977 3997 5097
978 3997 5098
979 3996 5098
980 3996 5099
981 3995 5099
982 3995 5100
983 3993 5100
984 3993 5101
985 3992 5101
986 3992 5102
987 3990 5102
988 3990 5103
989 3989 5103
990 3989 5104
991 3988 5104
992 3988 5105
993 3986 5105
994 3986 5106
995 3985 5106
996 3985 5107
997 3983 5107
998 3983 5108
999 3982 5108
1000 3982 5109
1001 3980 5109
1002 3980 5110
1003 3979 5110
1004 3979 5111
1005 3978 5111
1006 3978 5112
1007 3976 5112
1008 3976 5113
1009 3975 5113
1010 3975 5114
1011 3973 5114
1012 3973 5115
1013 3972 5115
1014 3972 5116
1015 3970 5116
1016 3970 5117
1017 3969 5117
1018 3969 5118
1019 3967 5118
1020 3967 5119
1021 3966 5119
1022 3966 5120
1023 3964 5120
1024 3964 5121
1025 3963 5121
1026 3963 5122
1027 3961 5122
1028 3961 5123
1029 3960 5123
1030 3960 5124
1031 3958 5124
1032 3958 5125
1033 3957 5125
1034 3957 5126
1035 3955 5126
1036 3955 5127
1037 3954 5127
1038 3954 5128
1039 3952 5128
1040 3952 5129
1041 3951 5129
1042 3951 5130
1043 3949 5130
1044 3949 5131
1045 3948 5131
1046 3948 5132
1047 3946 5132
1048 3946 5133
1049 3945 5133
1050 3945 5134
1051 3943 5134
1052 3943 5135
1053 3941 5135
1054 3941 5136
1055 3940 5136
1056 3940 5137
1057 3938 5137
1058 3938 5138
1059 3937 5138
1060 3937 5139
1061 3935 5139
1062 3935 5140
1063 3933 5140
1064 3933 5141
1065 3932 5141
1066 3932 5142
1067 3930 5142
1068 3930 5143
1069 3929 5143
1070 3929 5144
1071 3927 5144
1072 3927 5145
1073 3925 5145
1074 3925 5146
1075 3924 5146
1076 3924 5147
1077 3922 5147
1078 3922 5148
1079 3920 5148
1080 3920 5149
1081 3919 5149
1082 3919 5150
1083 3917 5150
1084 3917 5151
1085 3916 5151
1086 3916 5152
1087 3914 5152
1088 3914 5153
1089 3912 5153
1090 3912 5154
1091 3910 5154
1092 3910 5155
1093 3909 5155
1094 3909 5156
1095 3907 5156
1096 3907 5157
1097 3905 5157
1098 3905 5158
1099 3904 5158
1100 3904 5159
1101 3902 5159
1102 3902 5160
1103 3900 5160
1104 3900 5161
1105 3899 5161
1106 3899 5162
1107 3897 5162
1108 3897 5163
1109 3895 5163
1110 3895 5164
1111 3893 5164
1112 3893 5165
1113 3892 5165
1114 3892 5166
1115 3890 5166
1116 3890 5167
1117 3888 5167
1118 3888 5168
1119 3886 5168
1120 3886 5169
1121 3884 5169
1122 3884 5170
1123 3883 5170
1124 3883 5171
1125 3881 5171
1126 3881 5172
1127 3879 5172
1128 3879 5173
1129 3877 5173
1130 3877 5174
1131 3875 5174
1132 3875 5175
1133 3874 5175
1134 3874 5176
1135 3872 5176
1136 3872 5177
1137 3870 5177
1138 3870 5178
1139 3868 5178
1140 3868 5179
1141 3866 5179
1142 3866 5180
1143 3864 5180
1144 3864 5181
1145 3862 5181
1146 3862 5182
1147 3861 5182
1148 3861 5183
1149 3859 5183
1150 3859 5184
1151 3857 5184
1152 3857 5185
1153 3855 5185
1154 3855 5186
1155 3853 5186
1156 3853 5187
1157 3851 5187
1158 3851 5188
1159 3849 5188
1160 3849 5189
1161 3847 5189
1162 3847 5190
1163 3845 5190
1164 3845 5191
1165 3843 5191
1166 3843 5192
1167 3841 5192
1168 3841 5193
1169 3839 5193
1170 3839 5194
1171 3837 5194
1172 3837 5195
1173 3835 5195
1174 3835 5196
1175 3833 5196
1176 3833 5197
1177 3831 5197
1178 3831 5198
1179 3829 5198
1180 3829 5199
1181 3827 5199
1182 3827 5200
1183 3825 5200
1184 3825 5201
1185 3823 5201
1186 3823 5202
1187 3821 5202
1188 3821 5203
1189 3819 5203
1190 3819 5204
1191 3817 5204
1192 3817 5205
1193 3814 5205
1194 3814 5206
1195 3812 5206
1196 3812 5207
1197 3810 5207
1198 3810 5208
1199 3808 5208
1200 3808 5209
1201 3806 5209
1202 3806 5210
1203 3804 5210
1204 3804 5211
1205 3802 5211
1206 3802 5212
1207 3799 5212
1208 3799 5213
1209 3797 5213
1210 3797 5214
1211 3795 5214
1212 3795 5215
1213 3793 5215
1214 3793 5216
1215 3790 5216
1216 3790 5217
1217 3788 5217
1218 3788 5218
1219 3786 5218
1220 3786 5219
1221 3784 5219
1222 3784 5220
1223 3781 5220
1224 3781 5221
1225 3779 5221
1226 3779 5222
1227 3777 5222
1228 3777 5223
1229 3774 5223
1230 3774 5224
1231 3772 5224
1232 3772 5225
1233 3770 5225
1234 3770 5226
1235 3767 5226
1236 3767 5227
1237 3765 5227
1238 3765 5228
1239 3762 5228
1240 3762 5229
1241 3760 5229
1242 3760 5230
1243 3757 5230
1244 3757 5231
1245 3755 5231
1246 3755 5232
1247 3753 5232
1248 3753 5233
1249 3750 5233
1250 3750 5234
1251 3748 5234
1252 3748 5235
1253 3745 5235
1254 3745 5236
1255 3742 5236
1256 3742 5237
1257 3740 5237
1258 3740 5238
1259 3737 5238
1260 3737 5239
1261 3735 5239
1262 3735 5240
1263 3732 5240
1264 3732 5241
1265 3729 5241
1266 3729 5242
1267 3727 5242
1268 3727 5243
1269 3724 5243
1270 3724 5244
1271 3721 5244
1272 3721 5245
1273 3719 5245
1274 3719 5246
1275 3716 5246
1276 3716 5247
1277 3713 5247
1278 3713 5248
1279 3710 5248
1280 3710 5249
1281 3707 5249
1282 3707 5250
1283 3705 5250
1284 3705 5251
1285 3702 5251
1286 3702 5252
1287 3699 5252
1288 3699 5253
1289 3696 5253
1290 3696 5254
1291 3693 5254
1292 3693 5255
1293 3690 5255
1294 3690 5256
1295 3687 5256
1296 3687 5257
1297 3684 5257
1298 3684 5258
1299 3681 5258
1300 3681 5259
1301 3678 5259
1302 3678 5260
1303 3675 5260
1304 3675 5261
1305 3671 5261
1306 3671 5262
1307 3668 5262
1308 3668 5263
1309 3665 5263
1310 3665 5264
1311 3662 5264
1312 3662 5265
1313 3658 5265
1314 3658 5266
1315 3655 5266
1316 3655 5267
1317 3652 5267
1318 3652 5268
1319 3648 5268
1320 3648 5269
1321 3645 5269
1322 3645 5270
1323 3641 5270
1324 3641 5271
1325 3638 5271
1326 3638 5272
1327 3634 5272
1328 3634 5273
1329 3631 5273
1330 3631 5274
1331 3627 5274
1332 3627 5275
1333 3623 5275
1334 3623 5276
1335 3619 5276
1336 3619 5277
1337 3616 5277
1338 3616 5278
1339 3612 5278
1340 3612 5279
1341 3608 5279
1342 3608 5280
1343 3604 5280
1344 3604 5281
1345 3600 5281
1346 3600 5282
1347 3595 5282
1348 3595 5283
1349 3591 5283
1350 3591 5284
1351 3587 5284
1352 3587 5285
1353 3583 5285
1354 3583 5286
1355 3578 5286
1356 3578 5287
1357 3574 5287
1358 3574 5288
1359 3569 5288
1360 3569 5289
1361 3564 5289
1362 3564 5290
1363 3559 5290
1364 3559 5291
1365 3554 5291
1366 3554 5292
1367 3549 5292
1368 3549 5293
1369 3544 5293
1370 3544 5294
1371 3539 5294
1372 3539 5295
1373 3533 5295
1374 3533 5296
1375 3528 5296
1376 3528 5297
1377 3522 5297
1378 3522 5298
1379 3516 5298
1380 3516 5299
1381 3510 5299
1382 3510 5300
1383 3503 5300
1384 3503 5301
1385 3496 5301
1386 3496 5302
1387 3489 5302
1388 3489 5303
1389 3482 5303
1390 3482 5304
1391 3474 5304
1392 3474 5305
1393 3466 5305
1394 3466 5306
1395 3457 5306
1396 3457 5307
1397 3447 5307
1398 3447 5308
1399 3437 5308
1400 3437 5309
1401 3425 5309
1402 3425 5310
1403 3411 5310
1404 3411 5311
1405 3395 5311
1406 3395 5312
1407 3370 5312
1408 3370 5313
1409 3304 5313
1410 3304 5312
1411 3279 5312
1412 3279 5311
1413 3263 5311
1414 3263 5310
1415 3249 5310
1416 3249 5309
1417 3237 5309
1418 3237 5308
1419 3227 5308
1420 3227 5307
1421 3217 5307
1422 3217 5306
1423 3208 5306
1424 3208 5305
1425 3200 5305
1426 3200 5304
1427 3192 5304
1428 3192 5303
1429 3185 5303
1430 3185 5302
1431 3178 5302
1432 3178 5301
1433 3171 5301
1434 3171 5300
1435 3164 5300
1436 3164 5299
1437 3158 5299
1438 3158 5298
1439 3152 5298
1440 3152 5297
1441 3146 5297
1442 3146 5296
1443 3141 5296
1444 3141 5295
1445 3135 5295
1446 3135 5294
1447 3130 5294
1448 3130 5293
1449 3125 5293
1450 3125 5292
1451 3120 5292
1452 3120 5291
1453 3115 5291
1454 3115 5290
1455 3110 5290
1456 3110 5289
1457 3105 5289
1458 3105 5288
1459 3100 5288
1460 3100 5287
1461 3096 5287
1462 3096 5286
1463 3091 5286
1464 3091 5285
1465 3087 5285
1466 3087 5284
1467 3083 5284
1468 3083 5283
1469 3079 5283
1470 3079 5282
1471 3074 5282
1472 3074 5281
1473 3070 5281
1474 3070 5280
1475 3066 5280
1476 3066 5279
1477 3062 5279
1478 3062 5278
1479 3058 5278
1480 3058 5277
1481 3055 5277
1482 3055 5276
1483 3051 5276
1484 3051 5275
1485 3047 5275
1486 3047 5274
1487 3043 5274
1488 3043 5273
1489 3040 5273
1490 3040 5272
1491 3036 5272
1492 3036 5271
1493 3033 5271
1494 3033 5270
1495 3029 5270
1496 3029 5269
1497 3026 5269
1498 3026 5268
1499 3022 5268
1500 3022 5267
1501 3019 5267
1502 3019 5266
1503 3016 5266
1504 3016 5265
1505 3012 5265
1506 3012 5264
1507 3009 5264
1508 3009 5263
1509 3006 5263
1510 3006 5262
1511 3003 5262
1512 3003 5261
1513 2999 5261
1514 2999 5260
1515 2996 5260
1516 2996 5259
1517 2993 5259
1518 2993 5258
1519 2990 5258
1520 2990 5257
1521 2987 5257
1522 2987 5256
1523 2984 5256
1524 2984 5255
1525 2981 5255
1526 2981 5254
1527 2978 5254
1528 2978 5253
1529 2975 5253
1530 2975 5252
1531 2972 5252
1532 2972 5251
1533 2969 5251
1534 2969 5250
1535 2967 5250
1536 2967 5249
1537 2964 5249
1538 2964 5248
1539 2961 5248
1540 2961 5247
1541 2958 5247
1542 2958 5246
1543 2955 5246
1544 2955 5245
1545 2953 5245
1546 2953 5244
1547 2950 5244
1548 2950 5243
1549 2947 5243
1550 2947 5242
1551 2945 5242
1552 2945 5241
1553 2942 5241
1554 2942 5240
1555 2939 5240
1556 2939 5239
1557 2937 5239
1558 2937 5238
1559 2934 5238
1560 2934 5237
1561 2932 5237
1562 2932 5236
1563 2929 5236
1564 2929 5235
1565 2926 5235
1566 2926 5234
1567 2924 5234
1568 2924 5233
1569 2921 5233
1570 2921 5232
1571 2919 5232
1572 2919 5231
1573 2917 5231
1574 2917 5230
1575 2914 5230
1576 2914 5229
1577 2912 5229
1578 2912 5228
1579 2909 5228
1580 2909 5227
1581 2907 5227
1582 2907 5226
1583 2904 5226
1584 2904 5225
1585 2902 5225
1586 2902 5224
1587 2900 5224
1588 2900 5223
1589 2897 5223
1590 2897 5222
1591 2895 5222
1592 2895 5221
1593 2893 5221
1594 2893 5220
1595 2890 5220
1596 2890 5219
1597 2888 5219
1598 2888 5218
1599 2886 5218
1600 2886 5217
1601 2884 5217
1602 2884 5216
1603 2881 5216
1604 2881 5215
1605 2879 5215
1606 2879 5214
1607 2877 5214
1608 2877 5213
1609 2875 5213
1610 2875 5212
1611 2872 5212
1612 2872 5211
1613 2870 5211
1614 2870 5210
1615 2868 5210
1616 2868 5209
1617 2866 5209
1618 2866 5208
1619 2864 5208
1620 2864 5207
1621 2862 5207
1622 2862 5206
1623 2860 5206
1624 2860 5205
1625 2857 5205
1626 2857 5204
1627 2855 5204
1628 2855 5203
1629 2853 5203
1630 2853 5202
1631 2851 5202
1632 2851 5201
1633 2849 5201
1634 2849 5200
1635 2847 5200
1636 2847 5199
1637 2845 5199
1638 2845 5198
1639 2843 5198
1640 2843 5197
1641 2841 5197
1642 2841 5196
1643 2839 5196
1644 2839 5195
1645 2837 5195
1646 2837 5194
1647 2835 5194
1648 2835 5193
1649 2833 5193
1650 2833 5192
1651 2831 5192
1652 2831 5191
1653 2829 5191
1654 2829 5190
1655 2827 5190
1656 2827 5189
1657 2825 5189
1658 2825 5188
1659 2823 5188
1660 2823 5187
1661 2821 5187
1662 2821 5186
1663 2819 5186
1664 2819 5185
1665 2817 5185
1666 2817 5184
1667 2815 5184
1668 2815 5183
1669 2813 5183
1670 2813 5182
1671 2812 5182
1672 2812 5181
1673 2810 5181
1674 2810 5180
1675 2808 5180
1676 2808 5179
1677 2806 5179
1678 2806 5178
1679 2804 5178
1680 2804 5177
1681 2802 5177
1682 2802 5176
1683 2800 5176
1684 2800 5175
1685 2799 5175
1686 2799 5174
1687 2797 5174
1688 2797 5173
1689 2795 5173
1690 2795 5172
1691 2793 5172
1692 2793 5171
1693 2791 5171
1694 2791 5170
1695 2790 5170
1696 2790 5169
1697 2788 5169
1698 2788 5168
1699 2786 5168
1700 2786 5167
1701 2784 5167
1702 2784 5166
1703 2782 5166
1704 2782 5165
1705 2781 5165
1706 2781 5164
1707 2779 5164
1708 2779 5163
1709 2777 5163
1710 2777 5162
1711 2775 5162
1712 2775 5161
1713 2774 5161
1714 2774 5160
1715 2772 5160
1716 2772 5159
1717 2770 5159
1718 2770 5158
1719 2769 5158
1720 2769 5157
1721 2767 5157
1722 2767 5156
1723 2765 5156
1724 2765 5155
1725 2764 5155
1726 2764 5154
1727 2762 5154
1728 2762 5153
1729 2760 5153
1730 2760 5152
1731 2758 5152
1732 2758 5151
1733 2757 5151
1734 2757 5150
1735 2755 5150
1736 2755 5149
1737 2754 5149
1738 2754 5148
1739 2752 5148
1740 2752 5147
1741 2750 5147
1742 2750 5146
1743 2749 5146
1744 2749 5145
1745 2747 5145
1746 2747 5144
1747 2745 5144
1748 2745 5143
1749 2744 5143
1750 2744 5142
1751 2742 5142
1752 2742 5141
1753 2741 5141
1754 2741 5140
1755 2739 5140
1756 2739 5139
1757 2737 5139
1758 2737 5138
1759 2736 5138
1760 2736 5137
1761 2734 5137
1762 2734 5136
1763 2733 5136
1764 2733 5135
1765 2731 5135
1766 2731 5134
1767 2729 5134
1768 2729 5133
1769 2728 5133
1770 2728 5132
1771 2726 5132
1772 2726 5131
1773 2725 5131
1774 2725 5130
1775 2723 5130
1776 2723 5129
1777 2722 5129
1778 2722 5128
1779 2720 5128
1780 2720 5127
1781 2719 5127
1782 2719 5126
1783 2717 5126
1784 2717 5125
1785 2716 5125
1786 2716 5124
1787 2714 5124
1788 2714 5123
1789 2713 5123
1790 2713 5122
1791 2711 5122
1792 2711 5121
1793 2710 5121
1794 2710 5120
1795 2708 5120
1796 2708 5119
1797 2707 5119
1798 2707 5118
1799 2705 5118
1800 2705 5117
1801 2704 5117
1802 2704 5116
1803 2702 5116
1804 2702 5115
1805 2701 5115
1806 2701 5114
1807 2699 5114
1808 2699 5113
1809 2698 5113
1810 2698 5112
1811 2696 5112
1812 2696 5111
1813 2695 5111
1814 2695 5110
1815 2694 5110
1816 2694 5109
1817 2692 5109
1818 2692 5108
1819 2691 5108
1820 2691 5107
1821 2689 5107
1822 2689 5106
1823 2688 5106
1824 2688 5105
1825 2686 5105
1826 2686 5104
1827 2685 5104
1828 2685 5103
1829 2684 5103
1830 2684 5102
1831 2682 5102
1832 2682 5101
1833 2681 5101
1834 2681 5100
1835 2679 5100
1836 2679 5099
1837 2678 5099
1838 2678 5098
1839 2677 5098
1840 2677 5097
1841 2675 5097
1842 2675 5096
1843 2674 5096
1844 2674 5095
1845 2672 5095
1846 2672 5094
1847 2671 5094
1848 2671 5093
1849 2670 5093
1850 2670 5092
1851 2668 5092
1852 2668 5091
1853 2667 5091
1854 2667 5090
1855 2666 5090
1856 2666 5089
1857 2664 5089
1858 2664 5088
1859 2663 5088
1860 2663 5087
1861 2662 5087
1862 2662 5086
1863 2660 5086
1864 2660 5085
1865 2659 5085
1866 2659 5084
1867 2658 5084
1868 2658 5083
1869 2656 5083
1870 2656 5082
1871 2655 5082
1872 2655 5081
1873 2654 5081
1874 2654 5080
1875 2652 5080
1876 2652 5079
1877 2651 5079
1878 2651 5078
1879 2650 5078
1880 2650 5077
1881 2648 5077
1882 2648 5076
1883 2647 5076
1884 2647 5075
1885 2646 5075
1886 2646 5074
1887 2644 5074
1888 2644 5073
1889 2643 5073
1890 2643 5072
1891 2642 5072
1892 2642 5071
1893 2641 5071
1894 2641 5070
1895 2639 5070
1896 2639 5069
1897 2638 5069
1898 2638 5068
1899 2637 5068
1900 2637 5067
1901 2636 5067
1902 2636 5066
1903 2634 5066
1904 2634 5065
1905 2633 5065
1906 2633 5064
1907 2632 5064
1908 2632 5063
1909 2631 5063
1910 2631 5062
1911 2629 5062
1912 2629 5061
1913 2628 5061
1914 2628 5060
1915 2627 5060
1916 2627 5059
1917 2626 5059
1918 2626 5058
1919 2624 5058
1920 2624 5057
1921 2623 5057
1922 2623 5056
1923 2622 5056
1924 2622 5055
1925 2621 5055
1926 2621 5054
1927 2619 5054
1928 2619 5053
1929 2618 5053
1930 2618 5052
1931 2617 5052
1932 2617 5051
1933 2616 5051
1934 2616 5050
1935 2615 5050
1936 2615 5049
1937 2613 5049
1938 2613 5048
1939 2612 5048
1940 2612 5047
1941 2611 5047
1942 2611 5046
1943 2610 5046
1944 2610 5045
1945 2609 5045
1946 2609 5044
1947 2607 5044
1948 2607 5043
1949 2606 5043
1950 2606 5042
1951 2605 5042
1952 2605 5041
1953 2604 5041
1954 2604 5040
1955 2603 5040
1956 2603 5039
1957 2601 5039
1958 2601 5038
1959 2600 5038
1960 2600 5037
1961 2599 5037
1962 2599 5036
1963 2598 5036
1964 2598 5035
1965 2597 5035
1966 2597 5034
1967 2596 5034
1968 2596 5033
1969 2594 5033
1970 2594 5032
1971 2593 5032
1972 2593 5031
1973 2592 5031
1974 2592 5030
1975 2591 5030
1976 2591 5029
1977 2590 5029
1978 2590 5028
1979 2589 5028
1980 2589 5027
1981 2588 5027
1982 2588 5026
1983 2586 5026
1984 2586 5025
1985 2585 5025
1986 2585 5024
1987 2584 5024
1988 2584 5023
1989 2583 5023
1990 2583 5022
1991 2582 5022
1992 2582 5021
1993 2581 5021
1994 2581 5020
1995 2580 5020
1996 2580 5019
1997 2579 5019
1998 2579 5018
1999 2577 5018
2000 2577 5017
2001 2576 5017
2002 2576 5016
2003 2575 5016
2004 2575 5015
2005 2574 5015
2006 2574 5014
2007 2573 5014
2008 2573 5013
2009 2572 5013
2010 2572 5012
2011 2571 5012
2012 2571 5011
2013 2570 5011
2014 2570 5010
2015 2569 5010
2016 2569 5009
2017 2568 5009
2018 2568 5008
2019 2567 5008
2020 2567 5007
2021 2565 5007
2022 2565 5006
2023 2564 5006
2024 2564 5005
2025 2563 5005
2026 2563 5004
2027 2562 5004
2028 2562 5003
2029 2561 5003
2030 2561 5002
2031 2560 5002
2032 2560 5001
2033 2559 5001
2034 2559 5000
2035 2558 5000
2036 2558 4999
2037 2557 4999
2038 2557 4998
2039 2556 4998
2040 2556 4997
2041 2555 4997
2042 2555 4996
2043 2554 4996
2044 2554 4995
2045 2553 4995
2046 2553 4994
2047 2552 4994
2048 2552 4993
2049 2551 4993
2050 2551 4992
2051 2550 4992
2052 2550 4991
2053 2548 4991
2054 2548 4990
2055 2547 4990
2056 2547 4989
2057 2546 4989
2058 2546 4988
2059 2545 4988
2060 2545 4987
2061 2544 4987
2062 2544 4986
2063 2543 4986
2064 2543 4985
2065 2542 4985
2066 2542 4984
2067 2541 4984
2068 2541 4983
2069 2540 4983
2070 2540 4982
2071 2539 4982
2072 2539 4981
2073 2538 4981
2074 2538 4980
2075 2537 4980
2076 2537 4979
2077 2536 4979
2078 2536 4978
2079 2535 4978
2080 2535 4977
2081 2534 4977
2082 2534 4976
2083 2533 4976
2084 2533 4975
2085 2532 4975
2086 2532 4974
2087 2531 4974
2088 2531 4973
2089 2530 4973
2090 2530 4972
2091 2529 4972
2092 2529 4971
2093 2528 4971
2094 2528 4970
2095 2527 4970
2096 2527 4969
2097 2526 4969
2098 2526 4968
2099 2525 4968
2100 2525 4967
2101 2524 4967
2102 2524 4966
2103 2523 4966
2104 2523 4965
2105 2522 4965
2106 2522 4964
2107 2521 4964
2108 2521 4963
2109 2520 4963
2110 2520 4962
2111 2519 4962
2112 2519 4961
2113 2518 4961
2114 2518 4960
2115 2517 4960
2116 2517 4959
2117 2516 4959
2118 2516 4958
2119 2515 4958
2120 2515 4956
2121 2514 4956
2122 2514 4955
2123 2513 4955
2124 2513 4954
2125 2512 4954
2126 2512 4953
2127 2511 4953
2128 2511 4952
2129 2510 4952
2130 2510 4951
2131 2509 4951
2132 2509 4950
2133 2508 4950
2134 2508 4949
2135 2507 4949
2136 2507 4948
2137 2506 4948
2138 2506 4947
2139 2505 4947
2140 2505 4946
2141 2504 4946
2142 2504 4945
2143 2503 4945
2144 2503 4944
2145 2502 4944
2146 2502 4943
2147 2501 4943
2148 2501 4942
2149 2500 4942
2150 2500 4941
2151 2499 4941
2152 2499 4939
2153 2498 4939
2154 2498 4938
2155 2497 4938
2156 2497 4937
2157 2496 4937
2158 2496 4936
2159 2495 4936
2160 2495 4935
2161 2494 4935
2162 2494 4934
2163 2493 4934
2164 2493 4933
2165 2492 4933
2166 2492 4932
2167 2491 4932
2168 2491 4931
2169 2490 4931
2170 2490 4930
2171 2489 4930
2172 2489 4929
2173 2488 4929
2174 2488 4927
2175 2487 4927
2176 2487 4926
2177 2486 4926
2178 2486 4925
2179 2485 4925
2180 2485 4924
2181 2484 4924
2182 2484 4923
2183 2483 4923
2184 2483 4922
2185 2482 4922
2186 2482 4921
2187 2481 4921
2188 2481 4920
2189 2480 4920
2190 2480 4918
2191 2479 4918
2192 2479 4917
2193 2478 4917
2194 2478 4916
2195 2477 4916
2196 2477 4915
2197 2476 4915
2198 2476 4914
2199 2475 4914
2200 2475 4913
2201 2474 4913
2202 2474 4912
2203 2473 4912
2204 2473 4910
2205 2472 4910
2206 2472 4909
2207 2471 4909
2208 2471 4908
2209 2470 4908
2210 2470 4907
2211 2469 4907
2212 2469 4906
2213 2468 4906
2214 2468 4905
2215 2467 4905
2216 2467 4903
2217 2466 4903
2218 2466 4902
2219 2465 4902
2220 2465 4901
2221 2464 4901
2222 2464 4900
2223 2463 4900
2224 2463 4899
2225 2462 4899
2226 2462 4897
2227 2461 4897
2228 2461 4896
2229 2460 4896
2230 2460 4895
2231 2459 4895
2232 2459 4894
2233 2458 4894
2234 2458 4893
2235 2457 4893
2236 2457 4891
2237 2456 4891
2238 2456 4890
2239 2455 4890
2240 2455 4889
2241 2454 4889
2242 2454 4888
2243 2453 4888
2244 2453 4887
2245 2452 4887
2246 2452 4885
2247 2451 4885
2248 2451 4884
2249 2450 4884
2250 2450 4883
2251 2449 4883
2252 2449 4882
2253 2448 4882
2254 2448 4881
2255 2447 4881
2256 2447 4879
2257 2446 4879
2258 2446 4878
2259 2445 4878
2260 2445 4877
2261 2444 4877
2262 2444 4876
2263 2443 4876
2264 2443 4874
2265 2442 4874
2266 2442 4873
2267 2441 4873
2268 2441 4872
2269 2440 4872
2270 2440 4871
2271 2439 4871
2272 2439 4869
2273 2438 4869
2274 2438 4868
2275 2437 4868
2276 2437 4867
2277 2436 4867
2278 2436 4865
2279 2435 4865
2280 2435 4864
2281 2434 4864
2282 2434 4863
2283 2433 4863
2284 2433 4862
2285 2432 4862
2286 2432 4860
2287 2431 4860
2288 2431 4859
2289 2430 4859
2290 2430 4858
2291 2429 4858
2292 2429 4856
2293 2428 4856
2294 2428 4855
2295 2427 4855
2296 2427 4854
2297 2426 4854
2298 2426 4853
2299 2425 4853
2300 2425 4851
2301 2424 4851
2302 2424 4850
2303 2423 4850
2304 2423 4849
2305 2422 4849
2306 2422 4847
2307 2421 4847
2308 2421 4846
2309 2420 4846
2310 2420 4845
2311 2419 4845
2312 2419 4843
2313 2418 4843
2314 2418 4842
2315 2417 4842
2316 2417 4841
2317 2416 4841
2318 2416 4839
2319 2415 4839
2320 2415 4838
2321 2414 4838
2322 2414 4837
2323 2413 4837
2324 2413 4835
2325 2412 4835
2326 2412 4834
2327 2411 4834
2328 2411 4832
2329 2410 4832
2330 2410 4831
2331 2409 4831
2332 2409 4830
2333 2408 4830
2334 2408 4828
2335 2407 4828
2336 2407 4827
2337 2406 4827
2338 2406 4826
2339 2405 4826
2340 2405 4824
2341 2404 4824
2342 2404 4823
2343 2403 4823
2344 2403 4821
2345 2402 4821
2346 2402 4820
2347 2401 4820
2348 2401 4819
2349 2400 4819
2350 2400 4817
2351 2399 4817
2352 2399 4816
2353 2398 4816
2354 2398 4814
2355 2397 4814
2356 2397 4813
2357 2396 4813
2358 2396 4812
2359 2395 4812
2360 2395 4810
2361 2394 4810
2362 2394 4809
2363 2393 4809
2364 2393 4807
2365 2392 4807
2366 2392 4806
2367 2391 4806
2368 2391 4804
2369 2390 4804
2370 2390 4803
2371 2389 4803
2372 2389 4801
2373 2388 4801
2374 2388 4800
2375 2387 4800
2376 2387 4799
2377 2386 4799
2378 2386 4797
2379 2385 4797
2380 2385 4796
2381 2384 4796
2382 2384 4794
2383 2383 4794
2384 2383 4793
2385 2382 4793
2386 2382 4791
2387 2381 4791
2388 2381 4790
2389 2380 4790
2390 2380 4788
2391 2379 4788
2392 2379 4787
2393 2378 4787
2394 2378 4785
2395 2377 4785
2396 2377 4784
2397 2376 4784
2398 2376 4782
2399 2375 4782
2400 2375 4781
2401 2374 4781
2402 2374 4779
2403 2373 4779
2404 2373 4777
2405 2372 4777
2406 2372 4776
2407 2371 4776
2408 2371 4774
2409 2370 4774
2410 2370 4773
2411 2369 4773
2412 2369 4771
2413 2368 4771
2414 2368 4770
2415 2367 4770
2416 2367 4768
2417 2366 4768
2418 2366 4767
2419 2365 4767
2420 2365 4765
2421 2364 4765
2422 2364 4763
2423 2363 4763
2424 2363 4762
2425 2362 4762
2426 2362 4760
2427 2361 4760
2428 2361 4759
2429 2360 4759
2430 2360 4757
2431 2359 4757
2432 2359 4756
2433 2358 4756
2434 2358 4754
2435 2357 4754
2436 2357 4752
2437 2356 4752
2438 2356 4751
2439 2355 4751
2440 2355 4749
2441 2354 4749
2442 2354 4747
2443 2353 4747
2444 2353 4746
2445 2352 4746
2446 2352 4744
2447 2351 4744
2448 2351 4742
2449 2350 4742
2450 2350 4741
2451 2349 4741
2452 2349 4739
2453 2348 4739
2454 2348 4737
2455 2347 4737
2456 2347 4736
2457 2346 4736
2458 2346 4734
2459 2345 4734
2460 2345 4732
2461 2344 4732
2462 2344 4731
2463 2343 4731
2464 2343 4729
2465 2342 4729
2466 2342 4727
2467 2341 4727
2468 2341 4726
2469 2340 4726
2470 2340 4724
2471 2339 4724
2472 2339 4722
2473 2338 4722
2474 2338 4721
2475 2337 4721
2476 2337 4719
2477 2336 4719
2478 2336 4717
2479 2335 4717
2480 2335 4715
2481 2334 4715
2482 2334 4714
2483 2333 4714
2484 2333 4712
2485 2332 4712
2486 2332 4710
2487 2331 4710
2488 2331 4708
2489 2330 4708
2490 2330 4706
2491 2329 4706
2492 2329 4705
2493 2328 4705
2494 2328 4703
2495 2327 4703
2496 2327 4701
2497 2326 4701
2498 2326 4699
2499 2325 4699
2500 2325 4697
2501 2324 4697
2502 2324 4696
2503 2323 4696
2504 2323 4694
2505 2322 4694
2506 2322 4692
2507 2321 4692
2508 2321 4690
2509 2320 4690
2510 2320 4688
2511 2319 4688
2512 2319 4686
2513 2318 4686
2514 2318 4685
2515 2317 4685
2516 2317 4683
2517 2316 4683
2518 2316 4681
2519 2315 4681
2520 2315 4679
2521 2314 4679
2522 2314 4677
2523 2313 4677
2524 2313 4675
2525 2312 4675
2526 2312 4673
2527 2311 4673
2528 2311 4671
2529 2310 4671
2530 2310 4669
2531 2309 4669
2532 2309 4667
2533 2308 4667
2534 2308 4665
2535 2307 4665
2536 2307 4664
2537 2306 4664
2538 2306 4662
2539 2305 4662
2540 2305 4660
2541 2304 4660
2542 2304 4658
2543 2303 4658
2544 2303 4656
2545 2302 4656
2546 2302 4654
2547 2301 4654
2548 2301 4652
2549 2300 4652
2550 2300 4650
2551 2299 4650
2552 2299 4648
2553 2298 4648
2554 2298 4646
2555 2297 4646
2556 2297 4643
2557 2296 4643
2558 2296 4641
2559 2295 4641
2560 2295 4639
2561 2294 4639
2562 2294 4637
2563 2293 4637
2564 2293 4635
2565 2292 4635
2566 2292 4633
2567 2291 4633
2568 2291 4631
2569 2290 4631
2570 2290 4629
2571 2289 4629
2572 2289 4627
2573 2288 4627
2574 2288 4625
2575 2287 4625
2576 2287 4623
2577 2286 4623
2578 2286 4620
2579 2285 4620
2580 2285 4618
2581 2284 4618
2582 2284 4616
2583 2283 4616
2584 2283 4614
2585 2282 4614
2586 2282 4612
2587 2281 4612
2588 2281 4609
2589 2280 4609
2590 2280 4607
2591 2279 4607
2592 2279 4605
2593 2278 4605
2594 2278 4603
2595 2277 4603
2596 2277 4601
2597 2276 4601
2598 2276 4598
2599 2275 4598
2600 2275 4596
2601 2274 4596
2602 2274 4594
2603 2273 4594
2604 2273 4591
2605 2272 4591
2606 2272 4589
2607 2271 4589
2608 2271 4587
2609 2270 4587
2610 2270 4584
2611 2269 4584
2612 2269 4582
2613 2268 4582
2614 2268 4580
2615 2267 4580
2616 2267 4577
2617 2266 4577
2618 2266 4575
2619 2265 4575
2620 2265 4573
2621 2264 4573
2622 2264 4570
2623 2263 4570
2624 2263 4568
2625 2262 4568
2626 2262 4565
2627 2261 4565
2628 2261 4563
2629 2260 4563
2630 2260 4560
2631 2259 4560
2632 2259 4558
2633 2258 4558
2634 2258 4555
2635 2257 4555
2636 2257 4553
2637 2256 4553
2638 2256 4550
2639 2255 4550
2640 2255 4548
2641 2254 4548
2642 2254 4545
2643 2253 4545
2644 2253 4543
2645 2252 4543
2646 2252 4540
2647 2251 4540
2648 2251 4537
2649 2250 4537
2650 2250 4535
2651 2249 4535
2652 2249 4532
2653 2248 4532
2654 2248 4529
2655 2247 4529
2656 2247 4527
2657 2246 4527
2658 2246 4524
2659 2245 4524
2660 2245 4521
2661 2244 4521
2662 2244 4519
2663 2243 4519
2664 2243 4516
2665 2242 4516
2666 2242 4513
2667 2241 4513
2668 2241 4510
2669 2240 4510
2670 2240 4507
2671 2239 4507
2672 2239 4504
2673 2238 4504
2674 2238 4502
2675 2237 4502
2676 2237 4499
2677 2236 4499
2678 2236 4496
2679 2235 4496
2680 2235 4493
2681 2234 4493
2682 2234 4490
2683 2233 4490
2684 2233 4487
2685 2232 4487
2686 2232 4484
2687 2231 4484
2688 2231 4481
2689 2230 4481
2690 2230 4478
2691 2229 4478
2692 2229 4475
2693 2228 4475
2694 2228 4472
2695 2227 4472
2696 2227 4468
2697 2226 4468
2698 2226 4465
2699 2225 4465
2700 2225 4462
2701 2224 4462
2702 2224 4459
2703 2223 4459
2704 2223 4456
2705 2222 4456
2706 2222 4452
2707 2221 4452
2708 2221 4449
2709 2220 4449
2710 2220 4446
2711 2219 4446
2712 2219 4442
2713 2218 4442
2714 2218 4439
2715 2217 4439
2716 2217 4435
2717 2216 4435
2718 2216 4432
2719 2215 4432
2720 2215 4428
2721 2214 4428
2722 2214 4425
2723 2213 4425
2724 2213 4421
2725 2212 4421
2726 2212 4417
2727 2211 4417
2728 2211 4414
2729 2210 4414
2730 2210 4410
2731 2209 4410
2732 2209 4406
2733 2208 4406
2734 2208 4402
2735 2207 4402
2736 2207 4399
2737 2206 4399
2738 2206 4395
2739 2205 4395
2740 2205 4391
2741 2204 4391
2742 2204 4387
2743 2203 4387
2744 2203 4382
2745 2202 4382
2746 2202 4378
2747 2201 4378
2748 2201 4374
2749 2200 4374
2750 2200 4370
2751 2199 4370
2752 2199 4365
2753 2198 4365
2754 2198 4361
2755 2197 4361
2756 2197 4356
2757 2196 4356
2758 2196 4352
2759 2195 4352
2760 2195 4347
2761 2194 4347
2762 2194 4343
2763 2193 4343
2764 2193 4338
2765 2192 4338
2766 2192 4333
2767 2191 4333
2768 2191 4328
2769 2190 4328
2770 2190 4323
2771 2189 4323
2772 2189 4317
2773 2188 4317
2774 2188 4312
2775 2187 4312
2776 2187 4306
2777 2186 4306
2778 2186 4301
2779 2185 4301
2780 2185 4295
2781 2184 4295
2782 2184 4289
2783 2183 4289
2784 2183 4283
2785 2182 4283
2786 2182 4277
2787 2181 4277
2788 2181 4270
2789 2180 4270
2790 2180 4263
2791 2179 4263
2792 2179 4256
2793 2178 4256
2794 2178 4249
2795 2177 4249
2796 2177 4241
2797 2176 4241
2798 2176 4233
2799 2175 4233
2800 2175 4225
2801 2174 4225
2802 2174 4216
2803 2173 4216
2804 2173 4206
2805 2172 4206
2806 2172 4196
2807 2171 4196
2808 2171 4184
2809 2170 4184
2810 2170 4172
2811 2169 4172
2812 2169 4157
2813 2168 4157
2814 2168 4139
2815 2167 4139
2816 2167 4112
2817 2166 4112
2818 2166 4040
2819 2167 4040
2820 2167 4013
2821 2168 4013
2822 2168 3995
2823 2169 3995
2824 2169 3980
2825 2170 3980
2826 2170 3968
2827 2171 3968
2828 2171 3956
2829 2172 3956
2830 2172 3946
2831 2173 3946
2832 2173 3936
2833 2174 3936
2834 2174 3927
2835 2175 3927
2836 2175 3919
2837 2176 3919
2838 2176 3911
2839 2177 3911
2840 2177 3903
2841 2178 3903
2842 2178 3896
2843 2179 3896
2844 2179 3889
2845 2180 3889
2846 2180 3882
2847 2181 3882
2848 2181 3875
2849 2182 3875
2850 2182 3869
2851 2183 3869
2852 2183 3863
2853 2184 3863
2854 2184 3857
2855 2185 3857
2856 2185 3851
2857 2186 3851
2858 2186 3846
2859 2187 3846
2860 2187 3840
2861 2188 3840
2862 2188 3835
2863 2189 3835
2864 2189 3829
2865 2190 3829
2866 2190 3824
2867 2191 3824
2868 2191 3819
2869 2192 3819
2870 2192 3814
2871 2193 3814
2872 2193 3809
2873 2194 3809
2874 2194 3805
2875 2195 3805
2876 2195 3800
2877 2196 3800
2878 2196 3796
2879 2197 3796
2880 2197 3791
2881 2198 3791
2882 2198 3787
2883 2199 3787
2884 2199 3782
2885 2200 3782
2886 2200 3778
2887 2201 3778
2888 2201 3774
2889 2202 3774
2890 2202 3770
2891 2203 3770
2892 2203 3765
2893 2204 3765
2894 2204 3761
2895 2205 3761
2896 2205 3757
2897 2206 3757
2898 2206 3753
2899 2207 3753
2900 2207 3750
2901 2208 3750
2902 2208 3746
2903 2209 3746
2904 2209 3742
2905 2210 3742
2906 2210 3738
2907 2211 3738
2908 2211 3735
2909 2212 3735
2910 2212 3731
2911 2213 3731
2912 2213 3727
2913 2214 3727
2914 2214 3724
2915 2215 3724
2916 2215 3720
2917 2216 3720
2918 2216 3717
2919 2217 3717
2920 2217 3713
2921 2218 3713
2922 2218 3710
2923 2219 3710
2924 2219 3706
2925 2220 3706
2926 2220 3703
2927 2221 3703
2928 2221 3700
2929 2222 3700
2930 2222 3696
2931 2223 3696
2932 2223 3693
2933 2224 3693
2934 2224 3690
2935 2225 3690
2936 2225 3687
2937 2226 3687
2938 2226 3684
2939 2227 3684
2940 2227 3680
2941 2228 3680
2942 2228 3677
2943 2229 3677
2944 2229 3674
2945 2230 3674
2946 2230 3671
2947 2231 3671
2948 2231 3668
2949 2232 3668
2950 2232 3665
2951 2233 3665
2952 2233 3662
2953 2234 3662
2954 2234 3659
2955 2235 3659
2956 2235 3656
2957 2236 3656
2958 2236 3653
2959 2237 3653
2960 2237 3650
2961 2238 3650
2962 2238 3648
2963 2239 3648
2964 2239 3645
2965 2240 3645
2966 2240 3642
2967 2241 3642
2968 2241 3639
2969 2242 3639
2970 2242 3636
2971 2243 3636
2972 2243 3633
2973 2244 3633
2974 2244 3631
2975 2245 3631
2976 2245 3628
2977 2246 3628
2978 2246 3625
2979 2247 3625
2980 2247 3623
2981 2248 3623
2982 2248 3620
2983 2249 3620
2984 2249 3617
2985 2250 3617
2986 2250 3615
2987 2251 3615
2988 2251 3612
2989 2252 3612
2990 2252 3609
2991 2253 3609
2992 2253 3607
2993 2254 3607
2994 2254 3604
2995 2255 3604
2996 2255 3602
2997 2256 3602
2998 2256 3599
2999 2257 3599
3000 2257 3597
3001 2258 3597
3002 2258 3594
3003 2259 3594
3004 2259 3592
3005 2260 3592
3006 2260 3589
3007 2261 3589
3008 2261 3587
3009 2262 3587
3010 2262 3584
3011 2263 3584
3012 2263 3582
3013 2264 3582
3014 2264 3579
3015 2265 3579
3016 2265 3577
3017 2266 3577
3018 2266 3575
3019 2267 3575
3020 2267 3572
3021 2268 3572
3022 2268 3570
3023 2269 3570
3024 2269 3568
3025 2270 3568
3026 2270 3565
3027 2271 3565
3028 2271 3563
3029 2272 3563
3030 2272 3561
3031 2273 3561
3032 2273 3558
3033 2274 3558
3034 2274 3556
3035 2275 3556
3036 2275 3554
3037 2276 3554
3038 2276 3551
3039 2277 3551
3040 2277 3549
3041 2278 3549
3042 2278 3547
3043 2279 3547
3044 2279 3545
3045 2280 3545
3046 2280 3543
3047 2281 3543
3048 2281 3540
3049 2282 3540
3050 2282 3538
3051 2283 3538
3052 2283 3536
3053 2284 3536
3054 2284 3534
3055 2285 3534
3056 2285 3532
3057 2286 3532
3058 2286 3529
3059 2287 3529
3060 2287 3527
3061 2288 3527
3062 2288 3525
3063 2289 3525
3064 2289 3523
3065 2290 3523
3066 2290 3521
3067 2291 3521
3068 2291 3519
3069 2292 3519
3070 2292 3517
3071 2293 3517
3072 2293 3515
3073 2294 3515
3074 2294 3513
3075 2295 3513
3076 2295 3511
3077 2296 3511
3078 2296 3509
3079 2297 3509
3080 2297 3506
3081 2298 3506
3082 2298 3504
3083 2299 3504
3084 2299 3502
3085 2300 3502
3086 2300 3500
3087 2301 3500
3088 2301 3498
3089 2302 3498
3090 2302 3496
3091 2303 3496
3092 2303 3494
3093 2304 3494
3094 2304 3492
3095 2305 3492
3096 2305 3490
3097 2306 3490
3098 2306 3488
3099 2307 3488
3100 2307 3487
3101 2308 3487
3102 2308 3485
3103 2309 3485
3104 2309 3483
3105 2310 3483
3106 2310 3481
3107 2311 3481
3108 2311 3479
3109 2312 3479
3110 2312 3477
3111 2313 3477
3112 2313 3475
3113 2314 3475
3114 2314 3473
3115 2315 3473
3116 2315 3471
3117 2316 3471
3118 2316 3469
3119 2317 3469
3120 2317 3467
3121 2318 3467
3122 2318 3466
3123 2319 3466
3124 2319 3464
3125 2320 3464
3126 2320 3462
3127 2321 3462
3128 2321 3460
3129 2322 3460
3130 2322 3458
3131 2323 3458
3132 2323 3456
3133 2324 3456
3134 2324 3455
3135 2325 3455
3136 2325 3453
3137 2326 3453
3138 2326 3451
3139 2327 3451
3140 2327 3449
3141 2328 3449
3142 2328 3447
3143 2329 3447
3144 2329 3446
3145 2330 3446
3146 2330 3444
3147 2331 3444
3148 2331 3442
3149 2332 3442
3150 2332 3440
3151 2333 3440
3152 2333 3438
3153 2334 3438
3154 2334 3437
3155 2335 3437
3156 2335 3435
3157 2336 3435
3158 2336 3433
3159 2337 3433
3160 2337 3431
3161 2338 3431
3162 2338 3430
3163 2339 3430
3164 2339 3428
3165 2340 3428
3166 2340 3426
3167 2341 3426
3168 2341 3425
3169 2342 3425
3170 2342 3423
3171 2343 3423
3172 2343 3421
3173 2344 3421
3174 2344 3420
3175 2345 3420
3176 2345 3418
3177 2346 3418
3178 2346 3416
3179 2347 3416
3180 2347 3415
3181 2348 3415
3182 2348 3413
3183 2349 3413
3184 2349 3411
3185 2350 3411
3186 2350 3410
3187 2351 3410
3188 2351 3408
3189 2352 3408
3190 2352 3406
3191 2353 3406
3192 2353 3405
3193 2354 3405
3194 2354 3403
3195 2355 3403
3196 2355 3401
3197 2356 3401
3198 2356 3400
3199 2357 3400
3200 2357 3398
3201 2358 3398
3202 2358 3396
3203 2359 3396
3204 2359 3395
3205 2360 3395
3206 2360 3393
3207 2361 3393
3208 2361 3392
3209 2362 3392
3210 2362 3390
3211 2363 3390
3212 2363 3389
3213 2364 3389
3214 2364 3387
3215 2365 3387
3216 2365 3385
3217 2366 3385
3218 2366 3384
3219 2367 3384
3220 2367 3382
3221 2368 3382
3222 2368 3381
3223 2369 3381
3224 2369 3379
3225 2370 3379
3226 2370 3378
3227 2371 3378
3228 2371 3376
3229 2372 3376
3230 2372 3375
3231 2373 3375
3232 2373 3373
3233 2374 3373
3234 2374 3371
3235 2375 3371
3236 2375 3370
3237 2376 3370
3238 2376 3368
3239 2377 3368
3240 2377 3367
3241 2378 3367
3242 2378 3365
3243 2379 3365
3244 2379 3364
3245 2380 3364
3246 2380 3362
3247 2381 3362
3248 2381 3361
3249 2382 3361
3250 2382 3359
3251 2383 3359
3252 2383 3358
3253 2384 3358
3254 2384 3356
3255 2385 3356
3256 2385 3355
3257 2386 3355
3258 2386 3353
3259 2387 3353
3260 2387 3352
3261 2388 3352
3262 2388 3351
3263 2389 3351
3264 2389 3349
3265 2390 3349
3266 2390 3348
3267 2391 3348
3268 2391 3346
3269 2392 3346
3270 2392 3345
3271 2393 3345
3272 2393 3343
3273 2394 3343
3274 2394 3342
3275 2395 3342
3276 2395 3340
3277 2396 3340
3278 2396 3339
3279 2397 3339
3280 2397 3338
3281 2398 3338
3282 2398 3336
3283 2399 3336
3284 2399 3335
3285 2400 3335
3286 2400 3333
3287 2401 3333
3288 2401 3332
3289 2402 3332
3290 2402 3331
3291 2403 3331
3292 2403 3329
3293 2404 3329
3294 2404 3328
3295 2405 3328
3296 2405 3326
3297 2406 3326
3298 2406 3325
3299 2407 3325
3300 2407 3324
3301 2408 3324
3302 2408 3322
3303 2409 3322
3304 2409 3321
3305 2410 3321
3306 2410 3320
3307 2411 3320
3308 2411 3318
3309 2412 3318
3310 2412 3317
3311 2413 3317
3312 2413 3315
3313 2414 3315
3314 2414 3314
3315 2415 3314
3316 2415 3313
3317 2416 3313
3318 2416 3311
3319 2417 3311
3320 2417 3310
3321 2418 3310
3322 2418 3309
3323 2419 3309
3324 2419 3307
3325 2420 3307
3326 2420 3306
3327 2421 3306
3328 2421 3305
3329 2422 3305
3330 2422 3303
3331 2423 3303
3332 2423 3302
3333 2424 3302
3334 2424 3301
3335 2425 3301
3336 2425 3299
3337 2426 3299
3338 2426 3298
3339 2427 3298
3340 2427 3297
3341 2428 3297
3342 2428 3296
3343 2429 3296
3344 2429 3294
3345 2430 3294
3346 2430 3293
3347 2431 3293
3348 2431 3292
3349 2432 3292
3350 2432 3290
3351 2433 3290
3352 2433 3289
3353 2434 3289
3354 2434 3288
3355 2435 3288
3356 2435 3287
3357 2436 3287
3358 2436 3285
3359 2437 3285
3360 2437 3284
3361 2438 3284
3362 2438 3283
3363 2439 3283
3364 2439 3281
3365 2440 3281
3366 2440 3280
3367 2441 3280
3368 2441 3279
3369 2442 3279
3370 2442 3278
3371 2443 3278
3372 2443 3276
3373 2444 3276
3374 2444 3275
3375 2445 3275
3376 2445 3274
3377 2446 3274
3378 2446 3273
3379 2447 3273
3380 2447 3271
3381 2448 3271
3382 2448 3270
3383 2449 3270
3384 2449 3269
3385 2450 3269
3386 2450 3268
3387 2451 3268
3388 2451 3267
3389 2452 3267
3390 2452 3265
3391 2453 3265
3392 2453 3264
3393 2454 3264
3394 2454 3263
3395 2455 3263
3396 2455 3262
3397 2456 3262
3398 2456 3261
3399 2457 3261
3400 2457 3259
3401 2458 3259
3402 2458 3258
3403 2459 3258
3404 2459 3257
3405 2460 3257
3406 2460 3256
3407 2461 3256
3408 2461 3255
3409 2462 3255
3410 2462 3253
3411 2463 3253
3412 2463 3252
3413 2464 3252
3414 2464 3251
3415 2465 3251
3416 2465 3250
3417 2466 3250
3418 2466 3249
3419 2467 3249
3420 2467 3247
3421 2468 3247
3422 2468 3246
3423 2469 3246
3424 2469 3245
3425 2470 3245
3426 2470 3244
3427 2471 3244
3428 2471 3243
3429 2472 3243
3430 2472 3242
3431 2473 3242
3432 2473 3240
3433 2474 3240
3434 2474 3239
3435 2475 3239
3436 2475 3238
3437 2476 3238
3438 2476 3237
3439 2477 3237
3440 2477 3236
3441 2478 3236
3442 2478 3235
3443 2479 3235
3444 2479 3234
3445 2480 3234
3446 2480 3232
3447 2481 3232
3448 2481 3231
3449 2482 3231
3450 2482 3230
3451 2483 3230
3452 2483 3229
3453 2484 3229
3454 2484 3228
3455 2485 3228
3456 2485 3227
3457 2486 3227
3458 2486 3226
3459 2487 3226
3460 2487 3225
3461 2488 3225
3462 2488 3223
3463 2489 3223
3464 2489 3222
3465 2490 3222
3466 2490 3221
3467 2491 3221
3468 2491 3220
3469 2492 3220
3470 2492 3219
3471 2493 3219
3472 2493 3218
3473 2494 3218
3474 2494 3217
3475 2495 3217
3476 2495 3216
3477 2496 3216
3478 2496 3215
3479 2497 3215
3480 2497 3214
3481 2498 3214
3482 2498 3213
3483 2499 3213
3484 2499 3211
3485 2500 3211
3486 2500 3210
3487 2501 3210
3488 2501 3209
3489 2502 3209
3490 2502 3208
3491 2503 3208
3492 2503 3207
3493 2504 3207
3494 2504 3206
3495 2505 3206
3496 2505 3205
3497 2506 3205
3498 2506 3204
3499 2507 3204
3500 2507 3203
3501 2508 3203
3502 2508 3202
3503 2509 3202
3504 2509 3201
3505 2510 3201
3506 2510 3200
3507 2511 3200
3508 2511 3199
3509 2512 3199
3510 2512 3198
3511 2513 3198
3512 2513 3197
3513 2514 3197
3514 2514 3196
3515 2515 3196
3516 2515 3194
3517 2516 3194
3518 2516 3193
3519 2517 3193
3520 2517 3192
3521 2518 3192
3522 2518 3191
3523 2519 3191
3524 2519 3190
3525 2520 3190
3526 2520 3189
3527 2521 3189
3528 2521 3188
3529 2522 3188
3530 2522 3187
3531 2523 3187
3532 2523 3186
3533 2524 3186
3534 2524 3185
3535 2525 3185
3536 2525 3184
3537 2526 3184
3538 2526 3183
3539 2527 3183
3540 2527 3182
3541 2528 3182
3542 2528 3181
3543 2529 3181
3544 2529 3180
3545 2530 3180
3546 2530 3179
3547 2531 3179
3548 2531 3178
3549 2532 3178
3550 2532 3177
3551 2533 3177
3552 2533 3176
3553 2534 3176
3554 2534 3175
3555 2535 3175
3556 2535 3174
3557 2536 3174
3558 2536 3173
3559 2537 3173
3560 2537 3172
3561 2538 3172
3562 2538 3171
3563 2539 3171
3564 2539 3170
3565 2540 3170
3566 2540 3169
3567 2541 3169
3568 2541 3168
3569 2542 3168
3570 2542 3167
3571 2543 3167
3572 2543 3166
3573 2544 3166
3574 2544 3165
3575 2545 3165
3576 2545 3164
3577 2546 3164
3578 2546 3163
3579 2547 3163
3580 2547 3162
3581 2548 3162
3582 2548 3161
3583 2550 3161
3584 2550 3160
3585 2551 3160
3586 2551 3159
3587 2552 3159
3588 2552 3158
3589 2553 3158
3590 2553 3157
3591 2554 3157
3592 2554 3156
3593 2555 3156
3594 2555 3155
3595 2556 3155
3596 2556 3154
3597 2557 3154
3598 2557 3153
3599 2558 3153
3600 2558 3152
3601 2559 3152
3602 2559 3151
3603 2560 3151
3604 2560 3150
3605 2561 3150
3606 2561 3149
3607 2562 3149
3608 2562 3148
3609 2563 3148
3610 2563 3147
3611 2564 3147
3612 2564 3146
3613 2565 3146
3614 2565 3145
3615 2567 3145
3616 2567 3144
3617 2568 3144
3618 2568 3143
3619 2569 3143
3620 2569 3142
3621 2570 3142
3622 2570 3141
3623 2571 3141
3624 2571 3140
3625 2572 3140
3626 2572 3139
3627 2573 3139
3628 2573 3138
3629 2574 3138
3630 2574 3137
3631 2575 3137
3632 2575 3136
3633 2576 3136
3634 2576 3135
3635 2577 3135
3636 2577 3134
3637 2579 3134
3638 2579 3133
3639 2580 3133
3640 2580 3132
3641 2581 3132
3642 2581 3131
3643 2582 3131
3644 2582 3130
3645 2583 3130
3646 2583 3129
3647 2584 3129
3648 2584 3128
3649 2585 3128
3650 2585 3127
3651 2586 3127
3652 2586 3126
3653 2588 3126
3654 2588 3125
3655 2589 3125
3656 2589 3124
3657 2590 3124
3658 2590 3123
3659 2591 3123
3660 2591 3122
3661 2592 3122
3662 2592 3121
3663 2593 3121
3664 2593 3120
3665 2594 3120
3666 2594 3119
3667 2596 3119
3668 2596 3118
3669 2597 3118
3670 2597 3117
3671 2598 3117
3672 2598 3116
3673 2599 3116
3674 2599 3115
3675 2600 3115
3676 2600 3114
3677 2601 3114
3678 2601 3113
3679 2603 3113
3680 2603 3112
3681 2604 3112
3682 2604 3111
3683 2605 3111
3684 2605 3110
3685 2606 3110
3686 2606 3109
3687 2607 3109
3688 2607 3108
3689 2609 3108
3690 2609 3107
3691 2610 3107
3692 2610 3106
3693 2611 3106
3694 2611 3105
3695 2612 3105
3696 2612 3104
3697 2613 3104
3698 2613 3103
3699 2615 3103
3700 2615 3102
3701 2616 3102
3702 2616 3101
3703 2617 3101
3704 2617 3100
3705 2618 3100
3706 2618 3099
3707 2619 3099
3708 2619 3098
3709 2621 3098
3710 2621 3097
3711 2622 3097
3712 2622 3096
3713 2623 3096
3714 2623 3095
3715 2624 3095
3716 2624 3094
3717 2626 3094
3718 2626 3093
3719 2627 3093
3720 2627 3092
3721 2628 3092
3722 2628 3091
3723 2629 3091
3724 2629 3090
3725 2631 3090
3726 2631 3089
3727 2632 3089
3728 2632 3088
3729 2633 3088
3730 2633 3087
3731 2634 3087
3732 2634 3086
3733 2636 3086
3734 2636 3085
3735 2637 3085
3736 2637 3084
3737 2638 3084
3738 2638 3083
3739 2639 3083
3740 2639 3082
3741 2641 3082
3742 2641 3081
3743 2642 3081
3744 2642 3080
3745 2643 3080
3746 2643 3079
3747 2644 3079
3748 2644 3078
3749 2646 3078
3750 2646 3077
3751 2647 3077
3752 2647 3076
3753 2648 3076
3754 2648 3075
3755 2650 3075
3756 2650 3074
3757 2651 3074
3758 2651 3073
3759 2652 3073
3760 2652 3072
3761 2654 3072
3762 2654 3071
3763 2655 3071
3764 2655 3070
3765 2656 3070
3766 2656 3069
3767 2658 3069
3768 2658 3068
3769 2659 3068
3770 2659 3067
3771 2660 3067
3772 2660 3066
3773 2662 3066
3774 2662 3065
3775 2663 3065
3776 2663 3064
3777 2664 3064
3778 2664 3063
3779 2666 3063
3780 2666 3062
3781 2667 3062
3782 2667 3061
3783 2668 3061
3784 2668 3060
3785 2670 3060
3786 2670 3059
3787 2671 3059
3788 2671 3058
3789 2672 3058
3790 2672 3057
3791 2674 3057
3792 2674 3056
3793 2675 3056
3794 2675 3055
3795 2677 3055
3796 2677 3054
3797 2678 3054
3798 2678 3053
3799 2679 3053
3800 2679 3052
3801 2681 3052
3802 2681 3051
3803 2682 3051
3804 2682 3050
3805 2684 3050
3806 2684 3049
3807 2685 3049
3808 2685 3048
3809 2686 3048
3810 2686 3047
3811 2688 3047
3812 2688 3046
3813 2689 3046
3814 2689 3045
3815 2691 3045
3816 2691 3044
3817 2692 3044
3818 2692 3043
3819 2694 3043
3820 2694 3042
3821 2695 3042
3822 2695 3041
3823 2696 3041
3824 2696 3040
3825 2698 3040
3826 2698 3039
3827 2699 3039
3828 2699 3038
3829 2701 3038
3830 2701 3037
3831 2702 3037
3832 2702 3036
3833 2704 3036
3834 2704 3035
3835 2705 3035
3836 2705 3034
3837 2707 3034
3838 2707 3033
3839 2708 3033
3840 2708 3032
3841 2710 3032
3842 2710 3031
3843 2711 3031
3844 2711 3030
3845 2713 3030
3846 2713 3029
3847 2714 3029
3848 2714 3028
3849 2716 3028
3850 2716 3027
3851 2717 3027
3852 2717 3026
3853 2719 3026
3854 2719 3025
3855 2720 3025
3856 2720 3024
3857 2722 3024
3858 2722 3023
3859 2723 3023
3860 2723 3022
3861 2725 3022
3862 2725 3021
3863 2726 3021
3864 2726 3020
3865 2728 3020
3866 2728 3019
3867 2729 3019
3868 2729 3018
3869 2731 3018
3870 2731 3017
3871 2733 3017
3872 2733 3016
3873 2734 3016
3874 2734 3015
3875 2736 3015
3876 2736 3014
3877 2737 3014
3878 2737 3013
3879 2739 3013
3880 2739 3012
3881 2741 3012
3882 2741 3011
3883 2742 3011
3884 2742 3010
3885 2744 3010
3886 2744 3009
3887 2745 3009
3888 2745 3008
3889 2747 3008
3890 2747 3007
3891 2749 3007
3892 2749 3006
3893 2750 3006
3894 2750 3005
3895 2752 3005
3896 2752 3004
3897 2754 3004
3898 2754 3003
3899 2755 3003
3900 2755 3002
3901 2757 3002
3902 2757 3001
3903 2758 3001
3904 2758 3000
3905 2760 3000
3906 2760 2999
3907 2762 2999
3908 2762 2998
3909 2764 2998
3910 2764 2997
3911 2765 2997
3912 2765 2996
3913 2767 2996
3914 2767 2995
3915 2769 2995
3916 2769 2994
3917 2770 2994
3918 2770 2993
3919 2772 2993
3920 2772 2992
3921 2774 2992
3922 2774 2991
3923 2775 2991
3924 2775 2990
3925 2777 2990
3926 2777 2989
3927 2779 2989
3928 2779 2988
3929 2781 2988
3930 2781 2987
3931 2782 2987
3932 2782 2986
3933 2784 2986
3934 2784 2985
3935 2786 2985
3936 2786 2984
3937 2788 2984
3938 2788 2983
3939 2790 2983
3940 2790 2982
3941 2791 2982
3942 2791 2981
3943 2793 2981
3944 2793 2980
3945 2795 2980
3946 2795 2979
3947 2797 2979
3948 2797 2978
3949 2799 2978
3950 2799 2977
3951 2800 2977
3952 2800 2976
3953 2802 2976
3954 2802 2975
3955 2804 2975
3956 2804 2974
3957 2806 2974
3958 2806 2973
3959 2808 2973
3960 2808 2972
3961 2810 2972
3962 2810 2971
3963 2812 2971
3964 2812 2970
3965 2813 2970
3966 2813 2969
3967 2815 2969
3968 2815 2968
3969 2817 2968
3970 2817 2967
3971 2819 2967
3972 2819 2966
3973 2821 2966
3974 2821 2965
3975 2823 2965
3976 2823 2964
3977 2825 2964
3978 2825 2963
3979 2827 2963
3980 2827 2962
3981 2829 2962
3982 2829 2961
3983 2831 2961
3984 2831 2960
3985 2833 2960
3986 2833 2959
3987 2835 2959
3988 2835 2958
3989 2837 2958
3990 2837 2957
3991 2839 2957
3992 2839 2956
3993 2841 2956
3994 2841 2955
3995 2843 2955
3996 2843 2954
3997 2845 2954
3998 2845 2953
3999 2847 2953
4000 2847 2952
4001 2849 2952
4002 2849 2951
4003 2851 2951
4004 2851 2950
4005 2853 2950
4006 2853 2949
4007 2855 2949
4008 2855 2948
4009 2857 2948
4010 2857 2947
4011 2860 2947
4012 2860 2946
4013 2862 2946
4014 2862 2945
4015 2864 2945
4016 2864 2944
4017 2866 2944
4018 2866 2943
4019 2868 2943
4020 2868 2942
4021 2870 2942
4022 2870 2941
4023 2872 2941
4024 2872 2940
4025 2875 2940
4026 2875 2939
4027 2877 2939
4028 2877 2938
4029 2879 2938
4030 2879 2937
4031 2881 2937
4032 2881 2936
4033 2884 2936
4034 2884 2935
4035 2886 2935
4036 2886 2934
4037 2888 2934
4038 2888 2933
4039 2890 2933
4040 2890 2932
4041 2893 2932
4042 2893 2931
4043 2895 2931
4044 2895 2930
4045 2897 2930
4046 2897 2929
4047 2900 2929
4048 2900 2928
4049 2902 2928
4050 2902 2927
4051 2904 2927
4052 2904 2926
4053 2907 2926
4054 2907 2925
4055 2909 2925
4056 2909 2924
4057 2912 2924
4058 2912 2923
4059 2914 2923
4060 2914 2922
4061 2917 2922
4062 2917 2921
4063 2919 2921
4064 2919 2920
4065 2921 2920
4066 2921 2919
4067 2924 2919
4068 2924 2918
4069 2926 2918
4070 2926 2917
4071 2929 2917
4072 2929 2916
4073 2932 2916
4074 2932 2915
4075 2934 2915
4076 2934 2914
4077 2937 2914
4078 2937 2913
4079 2939 2913
4080 2939 2912
4081 2942 2912
4082 2942 2911
4083 2945 2911
4084 2945 2910
4085 2947 2910
4086 2947 2909
4087 2950 2909
4088 2950 2908
4089 2953 2908
4090 2953 2907
4091 2955 2907
4092 2955 2906
4093 2958 2906
4094 2958 2905
4095 2961 2905
4096 2961 2904
4097 2964 2904
4098 2964 2903
4099 2967 2903
4100 2967 2902
4101 2969 2902
4102 2969 2901
4103 2972 2901
4104 2972 2900
4105 2975 2900
4106 2975 2899
4107 2978 2899
4108 2978 2898
4109 2981 2898
4110 2981 2897
4111 2984 2897
4112 2984 2896
4113 2987 2896
4114 2987 2895
4115 2990 2895
4116 2990 2894
4117 2993 2894
4118 2993 2893
4119 2996 2893
4120 2996 2892
4121 2999 2892
4122 2999 2891
4123 3003 2891
4124 3003 2890
4125 3006 2890
4126 3006 2889
4127 3009 2889
4128 3009 2888
4129 3012 2888
4130 3012 2887
4131 3016 2887
4132 3016 2886
4133 3019 2886
4134 3019 2885
4135 3022 2885
4136 3022 2884
4137 3026 2884
4138 3026 2883
4139 3029 2883
4140 3029 2882
4141 3033 2882
4142 3033 2881
4143 3036 2881
4144 3036 2880
4145 3040 2880
4146 3040 2879
4147 3043 2879
4148 3043 2878
4149 3047 2878
4150 3047 2877
4151 3051 2877
4152 3051 2876
4153 3055 2876
4154 3055 2875
4155 3058 2875
4156 3058 2874
4157 3062 2874
4158 3062 2873
4159 3066 2873
4160 3066 2872
4161 3070 2872
4162 3070 2871
4163 3074 2871
4164 3074 2870
4165 3079 2870
4166 3079 2869
4167 3083 2869
4168 3083 2868
4169 3087 2868
4170 3087 2867
4171 3091 2867
4172 3091 2866
4173 3096 2866
4174 3096 2865
4175 3100 2865
4176 3100 2864
4177 3105 2864
4178 3105 2863
4179 3110 2863
4180 3110 2862
4181 3115 2862
4182 3115 2861
4183 3120 2861
4184 3120 2860
4185 3125 2860
4186 3125 2859
4187 3130 2859
4188 3130 2858
4189 3135 2858
4190 3135 2857
4191 3141 2857
4192 3141 2856
4193 3146 2856
4194 3146 2855
4195 3152 2855
4196 3152 2854
4197 3158 2854
4198 3158 2853
4199 3164 2853
4200 3164 2852
4201 3171 2852
4202 3171 2851
4203 3178 2851
4204 3178 2850
4205 3185 2850
4206 3185 2849
4207 3192 2849
4208 3192 2848
4209 3200 2848
4210 3200 2847
4211 3208 2847
4212 3208 2846
4213 3217 2846
4214 3217 2845
4215 3227 2845
4216 3227 2844
4217 3237 2844
4218 3237 2843
4219 3249 2843
4220 3249 2842
4221 3263 2842
4222 3263 2841
4223 3279 2841
4224 3279 2840
4225 3304 2840
4226 3304 2839
4227 3370 2839
4228 3370 2840
4229 3395 2840
4230 3395 2841
4231 3411 2841
4232 3411 2842
4233 3425 2842
4234 3425 2843
4235 3437 2843
4236 3437 2844
4237 3447 2844
4238 3447 2845
4239 3457 2845
4240 3457 2846
4241 3466 2846
4242 3466 2847
4243 3474 2847
4244 3474 2848
4245 3482 2848
4246 3482 2849
4247 3489 2849
4248 3489 2850
4249 3496 2850
4250 3496 2851
4251 3503 2851
4252 3503 2852
4253 3510 2852
4254 3510 2853
4255 3516 2853
4256 3516 2854
4257 3522 2854
4258 3522 2855
4259 3528 2855
4260 3528 2856
4261 3533 2856
4262 3533 2857
4263 3539 2857
4264 3539 2858
4265 3544 2858
4266 3544 2859
4267 3549 2859
4268 3549 2860
4269 3554 2860
4270 3554 2861
4271 3559 2861
4272 3559 2862
4273 3564 2862
4274 3564 2863
4275 3569 2863
4276 3569 2864
4277 3574 2864
4278 3574 2865
4279 3578 2865
4280 3578 2866
4281 3583 2866
4282 3583 2867
4283 3587 2867
4284 3587 2868
4285 3591 2868
4286 3591 2869
4287 3595 2869
4288 3595 2870
4289 3600 2870
4290 3600 2871
4291 3604 2871
4292 3604 2872
4293 3608 2872
4294 3608 2873
4295 3612 2873
4296 3612 2874
4297 3616 2874
4298 3616 2875
4299 3619 2875
4300 3619 2876
4301 3623 2876
4302 3623 2877
4303 3627 2877
4304 3627 2878
4305 3631 2878
4306 3631 2879
4307 3634 2879
4308 3634 2880
4309 3638 2880
4310 3638 2881
4311 3641 2881
4312 3641 2882
4313 3645 2882
4314 3645 2883
4315 3648 2883
4316 3648 2884
4317 3652 2884
4318 3652 2885
4319 3655 2885
4320 3655 2886
4321 3658 2886
4322 3658 2887
4323 3662 2887
4324 3662 2888
4325 3665 2888
4326 3665 2889
4327 3668 2889
4328 3668 2890
4329 3671 2890
4330 3671 2891
4331 3675 2891
4332 3675 2892
4333 3678 2892
4334 3678 2893
4335 3681 2893
4336 3681 2894
4337 3684 2894
4338 3684 2895
4339 3687 2895
4340 3687 2896
4341 3690 2896
4342 3690 2897
4343 3693 2897
4344 3693 2898
4345 3696 2898
4346 3696 2899
4347 3699 2899
4348 3699 2900
4349 3702 2900
4350 3702 2901
4351 3705 2901
4352 3705 2902
4353 3707 2902
4354 3707 2903
4355 3710 2903
4356 3710 2904
4357 3713 2904
4358 3713 2905
4359 3716 2905
4360 3716 2906
4361 3719 2906
4362 3719 2907
4363 3721 2907
4364 3721 2908
4365 3724 2908
4366 3724 2909
4367 3727 2909
4368 3727 2910
4369 3729 2910
4370 3729 2911
4371 3732 2911
4372 3732 2912
4373 3735 2912
4374 3735 2913
4375 3737 2913
4376 3737 2914
4377 3740 2914
4378 3740 2915
4379 3742 2915
4380 3742 2916
4381 3745 2916
4382 3745 2917
4383 3748 2917
4384 3748 2918
4385 3750 2918
4386 3750 2919
4387 3753 2919
4388 3753 2920
4389 3755 2920
4390 3755 2921
4391 3757 2921
4392 3757 2922
4393 3760 2922
4394 3760 2923
4395 3762 2923
4396 3762 2924
4397 3765 2924
4398 3765 2925
4399 3767 2925
4400 3767 2926
4401 3770 2926
4402 3770 2927
4403 3772 2927
4404 3772 2928
4405 3774 2928
4406 3774 2929
4407 3777 2929
4408 3777 2930
4409 3779 2930
4410 3779 2931
4411 3781 2931
4412 3781 2932
4413 3784 2932
4414 3784 2933
4415 3786 2933
4416 3786 2934
4417 3788 2934
4418 3788 2935
4419 3790 2935
4420 3790 2936
4421 3793 2936
4422 3793 2937
4423 3795 2937
4424 3795 2938
4425 3797 2938
4426 3797 2939
4427 3799 2939
4428 3799 2940
4429 3802 2940
4430 3802 2941
4431 3804 2941
4432 3804 2942
4433 3806 2942
4434 3806 2943
4435 3808 2943
4436 3808 2944
4437 3810 2944
4438 3810 2945
4439 3812 2945
4440 3812 2946
4441 3814 2946
4442 3814 2947
4443 3817 2947
4444 3817 2948
4445 3819 2948
4446 3819 2949
4447 3821 2949
4448 3821 2950
4449 3823 2950
4450 3823 2951
4451 3825 2951
4452 3825 2952
4453 3827 2952
4454 3827 2953
4455 3829 2953
4456 3829 2954
4457 3831 2954
4458 3831 2955
4459 3833 2955
4460 3833 2956
4461 3835 2956
4462 3835 2957
4463 3837 2957
4464 3837 2958
4465 3839 2958
4466 3839 2959
4467 3841 2959
4468 3841 2960
4469 3843 2960
4470 3843 2961
4471 3845 2961
4472 3845 2962
4473 3847 2962
4474 3847 2963
4475 3849 2963
4476 3849 2964
4477 3851 2964
4478 3851 2965
4479 3853 2965
4480 3853 2966
4481 3855 2966
4482 3855 2967
4483 3857 2967
4484 3857 2968
4485 3859 2968
4486 3859 2969
4487 3861 2969
4488 3861 2970
4489 3862 2970
4490 3862 2971
4491 3864 2971
4492 3864 2972
4493 3866 2972
4494 3866 2973
4495 3868 2973
4496 3868 2974
4497 3870 2974
4498 3870 2975
4499 3872 2975
4500 3872 2976
4501 3874 2976
4502 3874 2977
4503 3875 2977
4504 3875 2978
4505 3877 2978
4506 3877 2979
4507 3879 2979
4508 3879 2980
4509 3881 2980
4510 3881 2981
4511 3883 2981
4512 3883 2982
4513 3884 2982
4514 3884 2983
4515 3886 2983
4516 3886 2984
4517 3888 2984
4518 3888 2985
4519 3890 2985
4520 3890 2986
4521 3892 2986
4522 3892 2987
4523 3893 2987
4524 3893 2988
4525 3895 2988
4526 3895 2989
4527 3897 2989
4528 3897 2990
4529 3899 2990
4530 3899 2991
4531 3900 2991
4532 3900 2992
4533 3902 2992
4534 3902 2993
4535 3904 2993
4536 3904 2994
4537 3905 2994
4538 3905 2995
4539 3907 2995
4540 3907 2996
4541 3909 2996
4542 3909 2997
4543 3910 2997
4544 3910 2998
4545 3912 2998
4546 3912 2999
4547 3914 2999
4548 3914 3000
4549 3916 3000
4550 3916 3001
4551 3917 3001
4552 3917 3002
4553 3919 3002
4554 3919 3003
4555 3920 3003
4556 3920 3004
4557 3922 3004
4558 3922 3005
4559 3924 3005
4560 3924 3006
4561 3925 3006
4562 3925 3007
4563 3927 3007
4564 3927 3008
4565 3929 3008
4566 3929 3009
4567 3930 3009
4568 3930 3010
4569 3932 3010
4570 3932 3011
4571 3933 3011
4572 3933 3012
4573 3935 3012
4574 3935 3013
4575 3937 3013
4576 3937 3014
4577 3938 3014
4578 3938 3015
4579 3940 3015
4580 3940 3016
4581 3941 3016
4582 3941 3017
4583 3943 3017
4584 3943 3018
4585 3945 3018
4586 3945 3019
4587 3946 3019
4588 3946 3020
4589 3948 3020
4590 3948 3021
4591 3949 3021
4592 3949 3022
4593 3951 3022
4594 3951 3023
4595 3952 3023
4596 3952 3024
4597 3954 3024
4598 3954 3025
4599 3955 3025
4600 3955 3026
4601 3957 3026
4602 3957 3027
4603 3958 3027
4604 3958 3028
4605 3960 3028
4606 3960 3029
4607 3961 3029
4608 3961 3030
4609 3963 3030
4610 3963 3031
4611 3964 3031
4612 3964 3032
4613 3966 3032
4614 3966 3033
4615 3967 3033
4616 3967 3034
4617 3969 3034
4618 3969 3035
4619 3970 3035
4620 3970 3036
4621 3972 3036
4622 3972 3037
4623 3973 3037
4624 3973 3038
4625 3975 3038
4626 3975 3039
4627 3976 3039
4628 3976 3040
4629 3978 3040
4630 3978 3041
4631 3979 3041
4632 3979 3042
4633 3980 3042
4634 3980 3043
4635 3982 3043
4636 3982 3044
4637 3983 3044
4638 3983 3045
4639 3985 3045
4640 3985 3046
4641 3986 3046
4642 3986 3047
4643 3988 3047
4644 3988 3048
4645 3989 3048
4646 3989 3049
4647 3990 3049
4648 3990 3050
4649 3992 3050
4650 3992 3051
4651 3993 3051
4652 3993 3052
4653 3995 3052
4654 3995 3053
4655 3996 3053
4656 3996 3054
4657 3997 3054
4658 3997 3055
4659 3999 3055
4660 3999 3056
4661 4000 3056
4662 4000 3057
4663 4002 3057
4664 4002 3058
4665 4003 3058
4666 4003 3059
4667 4004 3059
4668 4004 3060
4669 4006 3060
4670 4006 3061
4671 4007 3061
4672 4007 3062
4673 4008 3062
4674 4008 3063
4675 4010 3063
4676 4010 3064
4677 4011 3064
4678 4011 3065
4679 4012 3065
4680 4012 3066
4681 4014 3066
4682 4014 3067
4683 4015 3067
4684 4015 3068
4685 4016 3068
4686 4016 3069
4687 4018 3069
4688 4018 3070
4689 4019 3070
4690 4019 3071
4691 4020 3071
4692 4020 3072
4693 4022 3072
4694 4022 3073
4695 4023 3073
4696 4023 3074
4697 4024 3074
4698 4024 3075
4699 4026 3075
4700 4026 3076
4701 4027 3076
4702 4027 3077
4703 4028 3077
4704 4028 3078
4705 4030 3078
4706 4030 3079
4707 4031 3079
4708 4031 3080
4709 4032 3080
4710 4032 3081
4711 4033 3081
4712 4033 3082
4713 4035 3082
4714 4035 3083
4715 4036 3083
4716 4036 3084
4717 4037 3084
4718 4037 3085
4719 4038 3085
4720 4038 3086
4721 4040 3086
4722 4040 3087
4723 4041 3087
4724 4041 3088
4725 4042 3088
4726 4042 3089
4727 4043 3089
4728 4043 3090
4729 4045 3090
4730 4045 3091
4731 4046 3091
4732 4046 3092
4733 4047 3092
4734 4047 3093
4735 4048 3093
4736 4048 3094
4737 4050 3094
4738 4050 3095
4739 4051 3095
4740 4051 3096
4741 4052 3096
4742 4052 3097
4743 4053 3097
4744 4053 3098
4745 4055 3098
4746 4055 3099
4747 4056 3099
4748 4056 3100
4749 4057 3100
4750 4057 3101
4751 4058 3101
4752 4058 3102
4753 4059 3102
4754 4059 3103
4755 4061 3103
4756 4061 3104
4757 4062 3104
4758 4062 3105
4759 4063 3105
4760 4063 3106
4761 4064 3106
4762 4064 3107
4763 4065 3107
4764 4065 3108
4765 4067 3108
4766 4067 3109
4767 4068 3109
4768 4068 3110
4769 4069 3110
4770 4069 3111
4771 4070 3111
4772 4070 3112
4773 4071 3112
4774 4071 3113
4775 4073 3113
4776 4073 3114
4777 4074 3114
4778 4074 3115
4779 4075 3115
4780 4075 3116
4781 4076 3116
4782 4076 3117
4783 4077 3117
4784 4077 3118
4785 4078 3118
4786 4078 3119
4787 4080 3119
4788 4080 3120
4789 4081 3120
4790 4081 3121
4791 4082 3121
4792 4082 3122
4793 4083 3122
4794 4083 3123
4795 4084 3123
4796 4084 3124
4797 4085 3124
4798 4085 3125
4799 4086 3125
4800 4086 3126
4801 4088 3126
4802 4088 3127
4803 4089 3127
4804 4089 3128
4805 4090 3128
4806 4090 3129
4807 4091 3129
4808 4091 3130
4809 4092 3130
4810 4092 3131
4811 4093 3131
4812 4093 3132
4813 4094 3132
4814 4094 3133
4815 4095 3133
4816 4095 3134
4817 4097 3134
4818 4097 3135
4819 4098 3135
4820 4098 3136
4821 4099 3136
4822 4099 3137
4823 4100 3137
4824 4100 3138
4825 4101 3138
4826 4101 3139
4827 4102 3139
4828 4102 3140
4829 4103 3140
4830 4103 3141
4831 4104 3141
4832 4104 3142
4833 4105 3142
4834 4105 3143
4835 4106 3143
4836 4106 3144
4837 4107 3144
4838 4107 3145
4839 4109 3145
4840 4109 3146
4841 4110 3146
4842 4110 3147
4843 4111 3147
4844 4111 3148
4845 4112 3148
4846 4112 3149
4847 4113 3149
4848 4113 3150
4849 4114 3150
4850 4114 3151
4851 4115 3151
4852 4115 3152
4853 4116 3152
4854 4116 3153
4855 4117 3153
4856 4117 3154
4857 4118 3154
4858 4118 3155
4859 4119 3155
4860 4119 3156
4861 4120 3156
4862 4120 3157
4863 4121 3157
4864 4121 3158
4865 4122 3158
4866 4122 3159
4867 4123 3159
4868 4123 3160
4869 4124 3160
4870 4124 3161
4871 4126 3161
4872 4126 3162
4873 4127 3162
4874 4127 3163
4875 4128 3163
4876 4128 3164
4877 4129 3164
4878 4129 3165
4879 4130 3165
4880 4130 3166
4881 4131 3166
4882 4131 3167
4883 4132 3167
4884 4132 3168
4885 4133 3168
4886 4133 3169
4887 4134 3169
4888 4134 3170
4889 4135 3170
4890 4135 3171
4891 4136 3171
4892 4136 3172
4893 4137 3172
4894 4137 3173
4895 4138 3173
4896 4138 3174
4897 4139 3174
4898 4139 3175
4899 4140 3175
4900 4140 3176
4901 4141 3176
4902 4141 3177
4903 4142 3177
4904 4142 3178
4905 4143 3178
4906 4143 3179
4907 4144 3179
4908 4144 3180
4909 4145 3180
4910 4145 3181
4911 4146 3181
4912 4146 3182
4913 4147 3182
4914 4147 3183
4915 4148 3183
4916 4148 3184
4917 4149 3184
4918 4149 3185
4919 4150 3185
4920 4150 3186
4921 4151 3186
4922 4151 3187
4923 4152 3187
4924 4152 3188
4925 4153 3188
4926 4153 3189
4927 4154 3189
4928 4154 3190
4929 4155 3190
4930 4155 3191
4931 4156 3191
4932 4156 3192
4933 4157 3192
4934 4157 3193
4935 4158 3193
4936 4158 3194
4937 4159 3194
4938 4159 3196
4939 4160 3196
4940 4160 3197
4941 4161 3197
4942 4161 3198
4943 4162 3198
4944 4162 3199
4945 4163 3199
4946 4163 3200
4947 4164 3200
4948 4164 3201
4949 4165 3201
4950 4165 3202
4951 4166 3202
4952 4166 3203
4953 4167 3203
4954 4167 3204
4955 4168 3204
4956 4168 3205
4957 4169 3205
4958 4169 3206
4959 4170 3206
4960 4170 3207
4961 4171 3207
4962 4171 3208
4963 4172 3208
4964 4172 3209
4965 4173 3209
4966 4173 3210
4967 4174 3210
4968 4174 3211
4969 4175 3211
4970 4175 3213
4971 4176 3213
4972 4176 3214
4973 4177 3214
4974 4177 3215
4975 4178 3215
4976 4178 3216
4977 4179 3216
4978 4179 3217
4979 4180 3217
4980 4180 3218
4981 4181 3218
4982 4181 3219
4983 4182 3219
4984 4182 3220
4985 4183 3220
4986 4183 3221
4987 4184 3221
4988 4184 3222
4989 4185 3222
4990 4185 3223
4991 4186 3223
4992 4186 3225
4993 4187 3225
4994 4187 3226
4995 4188 3226
4996 4188 3227
4997 4189 3227
4998 4189 3228
4999 4190 3228
5000 4190 3229
5001 4191 3229
5002 4191 3230
5003 4192 3230
5004 4192 3231
5005 4193 3231
5006 4193 3232
5007 4194 3232
5008 4194 3234
5009 4195 3234
5010 4195 3235
5011 4196 3235
5012 4196 3236
5013 4197 3236
5014 4197 3237
5015 4198 3237
5016 4198 3238
5017 4199 3238
5018 4199 3239
5019 4200 3239
5020 4200 3240
5021 4201 3240
5022 4201 3242
5023 4202 3242
5024 4202 3243
5025 4203 3243
5026 4203 3244
5027 4204 3244
5028 4204 3245
5029 4205 3245
5030 4205 3246
5031 4206 3246
5032 4206 3247
5033 4207 3247
5034 4207 3249
5035 4208 3249
5036 4208 3250
5037 4209 3250
5038 4209 3251
5039 4210 3251
5040 4210 3252
5041 4211 3252
5042 4211 3253
5043 4212 3253
5044 4212 3255
5045 4213 3255
5046 4213 3256
5047 4214 3256
5048 4214 3257
5049 4215 3257
5050 4215 3258
5051 4216 3258
5052 4216 3259
5053 4217 3259
5054 4217 3261
5055 4218 3261
5056 4218 3262
5057 4219 3262
5058 4219 3263
5059 4220 3263
5060 4220 3264
5061 4221 3264
5062 4221 3265
5063 4222 3265
5064 4222 3267
5065 4223 3267
5066 4223 3268
5067 4224 3268
5068 4224 3269
5069 4225 3269
5070 4225 3270
5071 4226 3270
5072 4226 3271
5073 4227 3271
5074 4227 3273
5075 4228 3273
5076 4228 3274
5077 4229 3274
5078 4229 3275
5079 4230 3275
5080 4230 3276
5081 4231 3276
5082 4231 3278
5083 4232 3278
5084 4232 3279
5085 4233 3279
5086 4233 3280
5087 4234 3280
5088 4234 3281
5089 4235 3281
5090 4235 3283
5091 4236 3283
5092 4236 3284
5093 4237 3284
5094 4237 3285
5095 4238 3285
5096 4238 3287
5097 4239 3287
5098 4239 3288
5099 4240 3288
5100 4240 3289
5101 4241 3289
5102 4241 3290
5103 4242 3290
5104 4242 3292
5105 4243 3292
5106 4243 3293
5107 4244 3293
5108 4244 3294
5109 4245 3294
5110 4245 3296
5111 4246 3296
5112 4246 3297
5113 4247 3297
5114 4247 3298
5115 4248 3298
5116 4248 3299
5117 4249 3299
5118 4249 3301
5119 4250 3301
5120 4250 3302
5121 4251 3302
5122 4251 3303
5123 4252 3303
5124 4252 3305
5125 4253 3305
5126 4253 3306
5127 4254 3306
5128 4254 3307
5129 4255 3307
5130 4255 3309
5131 4256 3309
5132 4256 3310
5133 4257 3310
5134 4257 3311
5135 4258 3311
5136 4258 3313
5137 4259 3313
5138 4259 3314
5139 4260 3314
5140 4260 3315
5141 4261 3315
5142 4261 3317
5143 4262 3317
5144 4262 3318
5145 4263 3318
5146 4263 3320
5147 4264 3320
5148 4264 3321
5149 4265 3321
5150 4265 3322
5151 4266 3322
5152 4266 3324
5153 4267 3324
5154 4267 3325
5155 4268 3325
5156 4268 3326
5157 4269 3326
5158 4269 3328
5159 4270 3328
5160 4270 3329
5161 4271 3329
5162 4271 3331
5163 4272 3331
5164 4272 3332
5165 4273 3332
5166 4273 3333
5167 4274 3333
5168 4274 3335
5169 4275 3335
5170 4275 3336
5171 4276 3336
5172 4276 3338
5173 4277 3338
5174 4277 3339
5175 4278 3339
5176 4278 3340
5177 4279 3340
5178 4279 3342
5179 4280 3342
5180 4280 3343
5181 4281 3343
5182 4281 3345
5183 4282 3345
5184 4282 3346
5185 4283 3346
5186 4283 3348
5187 4284 3348
5188 4284 3349
5189 4285 3349
5190 4285 3351
5191 4286 3351
5192 4286 3352
5193 4287 3352
5194 4287 3353
5195 4288 3353
5196 4288 3355
5197 4289 3355
5198 4289 3356
5199 4290 3356
5200 4290 3358
5201 4291 3358
5202 4291 3359
5203 4292 3359
5204 4292 3361
5205 4293 3361
5206 4293 3362
5207 4294 3362
5208 4294 3364
5209 4295 3364
5210 4295 3365
5211 4296 3365
5212 4296 3367
5213 4297 3367
5214 4297 3368
5215 4298 3368
5216 4298 3370
5217 4299 3370
5218 4299 3371
5219 4300 3371
5220 4300 3373
5221 4301 3373
5222 4301 3375
5223 4302 3375
5224 4302 3376
5225 4303 3376
5226 4303 3378
5227 4304 3378
5228 4304 3379
5229 4305 3379
5230 4305 3381
5231 4306 3381
5232 4306 3382
5233 4307 3382
5234 4307 3384
5235 4308 3384
5236 4308 3385
5237 4309 3385
5238 4309 3387
5239 4310 3387
5240 4310 3389
5241 4311 3389
5242 4311 3390
5243 4312 3390
5244 4312 3392
5245 4313 3392
5246 4313 3393
5247 4314 3393
5248 4314 3395
5249 4315 3395
5250 4315 3396
5251 4316 3396
5252 4316 3398
5253 4317 3398
5254 4317 3400
5255 4318 3400
5256 4318 3401
5257 4319 3401
5258 4319 3403
5259 4320 3403
5260 4320 3405
5261 4321 3405
5262 4321 3406
5263 4322 3406
5264 4322 3408
5265 4323 3408
5266 4323 3410
5267 4324 3410
5268 4324 3411
5269 4325 3411
5270 4325 3413
5271 4326 3413
5272 4326 3415
5273 4327 3415
5274 4327 3416
5275 4328 3416
5276 4328 3418
5277 4329 3418
5278 4329 3420
5279 4330 3420
5280 4330 3421
5281 4331 3421
5282 4331 3423
5283 4332 3423
5284 4332 3425
5285 4333 3425
5286 4333 3426
5287 4334 3426
5288 4334 3428
5289 4335 3428
5290 4335 3430
5291 4336 3430
5292 4336 3431
5293 4337 3431
5294 4337 3433
5295 4338 3433
5296 4338 3435
5297 4339 3435
5298 4339 3437
5299 4340 3437
5300 4340 3438
5301 4341 3438
5302 4341 3440
5303 4342 3440
5304 4342 3442
5305 4343 3442
5306 4343 3444
5307 4344 3444
5308 4344 3446
5309 4345 3446
5310 4345 3447
5311 4346 3447
5312 4346 3449
5313 4347 3449
5314 4347 3451
5315 4348 3451
5316 4348 3453
5317 4349 3453
5318 4349 3455
5319 4350 3455
5320 4350 3456
5321 4351 3456
5322 4351 3458
5323 4352 3458
5324 4352 3460
5325 4353 3460
5326 4353 3462
5327 4354 3462
5328 4354 3464
5329 4355 3464
5330 4355 3466
5331 4356 3466
5332 4356 3467
5333 4357 3467
5334 4357 3469
5335 4358 3469
5336 4358 3471
5337 4359 3471
5338 4359 3473
5339 4360 3473
5340 4360 3475
5341 4361 3475
5342 4361 3477
5343 4362 3477
5344 4362 3479
5345 4363 3479
5346 4363 3481
5347 4364 3481
5348 4364 3483
5349 4365 3483
5350 4365 3485
5351 4366 3485
5352 4366 3487
5353 4367 3487
5354 4367 3488
5355 4368 3488
5356 4368 3490
5357 4369 3490
5358 4369 3492
5359 4370 3492
5360 4370 3494
5361 4371 3494
5362 4371 3496
5363 4372 3496
5364 4372 3498
5365 4373 3498
5366 4373 3500
5367 4374 3500
5368 4374 3502
5369 4375 3502
5370 4375 3504
5371 4376 3504
5372 4376 3506
5373 4377 3506
5374 4377 3509
5375 4378 3509
5376 4378 3511
5377 4379 3511
5378 4379 3513
5379 4380 3513
5380 4380 3515
5381 4381 3515
5382 4381 3517
5383 4382 3517
5384 4382 3519
5385 4383 3519
5386 4383 3521
5387 4384 3521
5388 4384 3523
5389 4385 3523
5390 4385 3525
5391 4386 3525
5392 4386 3527
5393 4387 3527
5394 4387 3529
5395 4388 3529
5396 4388 3532
5397 4389 3532
5398 4389 3534
5399 4390 3534
5400 4390 3536
5401 4391 3536
5402 4391 3538
5403 4392 3538
5404 4392 3540
5405 4393 3540
5406 4393 3543
5407 4394 3543
5408 4394 3545
5409 4395 3545
5410 4395 3547
5411 4396 3547
5412 4396 3549
5413 4397 3549
5414 4397 3551
5415 4398 3551
5416 4398 3554
5417 4399 3554
5418 4399 3556
5419 4400 3556
5420 4400 3558
5421 4401 3558
5422 4401 3561
5423 4402 3561
5424 4402 3563
5425 4403 3563
5426 4403 3565
5427 4404 3565
5428 4404 3568
5429 4405 3568
5430 4405 3570
5431 4406 3570
5432 4406 3572
5433 4407 3572
5434 4407 3575
5435 4408 3575
5436 4408 3577
5437 4409 3577
5438 4409 3579
5439 4410 3579
5440 4410 3582
5441 4411 3582
5442 4411 3584
5443 4412 3584
5444 4412 3587
5445 4413 3587
5446 4413 3589
5447 4414 3589
5448 4414 3592
5449 4415 3592
5450 4415 3594
5451 4416 3594
5452 4416 3597
5453 4417 3597
5454 4417 3599
5455 4418 3599
5456 4418 3602
5457 4419 3602
5458 4419 3604
5459 4420 3604
5460 4420 3607
5461 4421 3607
5462 4421 3609
5463 4422 3609
5464 4422 3612
5465 4423 3612
5466 4423 3615
5467 4424 3615
5468 4424 3617
5469 4425 3617
5470 4425 3620
5471 4426 3620
5472 4426 3623
5473 4427 3623
5474 4427 3625
5475 4428 3625
5476 4428 3628
5477 4429 3628
5478 4429 3631
5479 4430 3631
5480 4430 3633
5481 4431 3633
5482 4431 3636
5483 4432 3636
5484 4432 3639
5485 4433 3639
5486 4433 3642
5487 4434 3642
5488 4434 3645
5489 4435 3645
5490 4435 3648
5491 4436 3648
5492 4436 3650
5493 4437 3650
5494 4437 3653
5495 4438 3653
5496 4438 3656
5497 4439 3656
5498 4439 3659
5499 4440 3659
5500 4440 3662
5501 4441 3662
5502 4441 3665
5503 4442 3665
5504 4442 3668
5505 4443 3668
5506 4443 3671
5507 4444 3671
5508 4444 3674
5509 4445 3674
5510 4445 3677
5511 4446 3677
5512 4446 3680
5513 4447 3680
5514 4447 3684
5515 4448 3684
5516 4448 3687
5517 4449 3687
5518 4449 3690
5519 4450 3690
5520 4450 3693
5521 4451 3693
5522 4451 3696
5523 4452 3696
5524 4452 3700
5525 4453 3700
5526 4453 3703
5527 4454 3703
5528 4454 3706
5529 4455 3706
5530 4455 3710
5531 4456 3710
5532 4456 3713
5533 4457 3713
5534 4457 3717
5535 4458 3717
5536 4458 3720
5537 4459 3720
5538 4459 3724
5539 4460 3724
5540 4460 3727
5541 4461 3727
5542 4461 3731
5543 4462 3731
5544 4462 3735
5545 4463 3735
5546 4463 3738
5547 4464 3738
5548 4464 3742
5549 4465 3742
5550 4465 3746
5551 4466 3746
5552 4466 3750
5553 4467 3750
5554 4467 3753
5555 4468 3753
5556 4468 3757
5557 4469 3757
5558 4469 3761
5559 4470 3761
5560 4470 3765
5561 4471 3765
5562 4471 3770
5563 4472 3770
5564 4472 3774
5565 4473 3774
5566 4473 3778
5567 4474 3778
5568 4474 3782
5569 4475 3782
5570 4475 3787
5571 4476 3787
5572 4476 3791
5573 4477 3791
5574 4477 3796
5575 4478 3796
5576 4478 3800
5577 4479 3800
5578 4479 3805
5579 4480 3805
5580 4480 3809
5581 4481 3809
5582 4481 3814
5583 4482 3814
5584 4482 3819
5585 4483 3819
5586 4483 3824
5587 4484 3824
5588 4484 3829
5589 4485 3829
5590 4485 3835
5591 4486 3835
5592 4486 3840
5593 4487 3840
5594 4487 3846
5595 4488 3846
5596 4488 3851
5597 4489 3851
5598 4489 3857
5599 4490 3857
5600 4490 3863
5601 4491 3863
5602 4491 3869
5603 4492 3869
5604 4492 3875
5605 4493 3875
5606 4493 3882
5607 4494 3882
5608 4494 3889
5609 4495 3889
5610 4495 3896
5611 4496 3896
5612 4496 3903
5613 4497 3903
5614 4497 3911
5615 4498 3911
5616 4498 3919
5617 4499 3919
5618 4499 3927
5619 4500 3927
5620 4500 3936
5621 4501 3936
5622 4501 3946
5623 4502 3946
5624 4502 3956
5625 4503 3956
5626 4503 3968
5627 4504 3968
5628 4504 3980
5629 4505 3980
5630 4505 3995
5631 4506 3995
5632 4506 4013
5633 4507 4013
5634 4507 4040
5635 4508 4040
