0 2440 3805
1 2439 3805
2 2439 3818
3 2438 3818
4 2438 3827
5 2437 3827
6 2437 3834
7 2436 3834
8 2436 3840
9 2435 3840
10 2435 3846
11 2434 3846
12 2434 3851
13 2433 3851
14 2433 3855
15 2432 3855
16 2432 3859
17 2431 3859
18 2431 3863
19 2430 3863
20 2430 3867
21 2429 3867
22 2429 3871
23 2428 3871
24 2428 3874
25 2427 3874
26 2427 3878
27 2426 3878
28 2426 3881
29 2425 3881
30 2425 3884
31 2424 3884
32 2424 3887
33 2423 3887
34 2423 3890
35 2422 3890
36 2422 3892
37 2421 3892
38 2421 3895
39 2420 3895
40 2420 3898
41 2419 3898
42 2419 3900
43 2418 3900
44 2418 3903
45 2417 3903
46 2417 3905
47 2416 3905
48 2416 3908
49 2415 3908
50 2415 3910
51 2414 3910
52 2414 3912
53 2413 3912
54 2413 3914
55 2412 3914
56 2412 3917
57 2411 3917
58 2411 3919
59 2410 3919
60 2410 3921
61 2409 3921
62 2409 3923
63 2408 3923
64 2408 3925
65 2407 3925
66 2407 3927
67 2406 3927
68 2406 3929
69 2405 3929
70 2405 3931
71 2404 3931
72 2404 3933
73 2403 3933
74 2403 3934
75 2402 3934
76 2402 3936
77 2401 3936
78 2401 3938
79 2400 3938
80 2400 3940
81 2399 3940
82 2399 3941
83 2398 3941
84 2398 3943
85 2397 3943
86 2397 3945
87 2396 3945
88 2396 3947
89 2395 3947
90 2395 3948
91 2394 3948
92 2394 3950
93 2393 3950
94 2393 3951
95 2392 3951
96 2392 3953
97 2391 3953
98 2391 3954
99 2390 3954
100 2390 3956
101 2389 3956
102 2389 3958
103 2388 3958
104 2388 3959
105 2387 3959
106 2387 3960
107 2386 3960
108 2386 3962
109 2385 3962
110 2385 3963
111 2384 3963
112 2384 3965
113 2383 3965
114 2383 3966
115 2382 3966
116 2382 3968
117 2381 3968
118 2381 3969
119 2380 3969
120 2380 3970
121 2379 3970
122 2379 3972
123 2378 3972
124 2378 3973
125 2377 3973
126 2377 3974
127 2376 3974
128 2376 3976
129 2375 3976
130 2375 3977
131 2374 3977
132 2374 3978
133 2373 3978
134 2373 3979
135 2372 3979
136 2372 3981
137 2371 3981
138 2371 3982
139 2370 3982
140 2370 3983
141 2369 3983
142 2369 3984
143 2368 3984
144 2368 3985
145 2367 3985
146 2367 3987
147 2366 3987
148 2366 3988
149 2365 3988
150 2365 3989
151 2364 3989
152 2364 3990
153 2363 3990
154 2363 3991
155 2362 3991
156 2362 3992
157 2361 3992
158 2361 3993
159 2360 3993
160 2360 3994
161 2359 3994
162 2359 3996
163 2358 3996
164 2358 3997
165 2357 3997
166 2357 3998
167 2356 3998
168 2356 3999
169 2355 3999
170 2355 4000
171 2354 4000
172 2354 4001
173 2353 4001
174 2353 4002
175 2352 4002
176 2352 4003
177 2351 4003
178 2351 4004
179 2350 4004
180 2350 4005
181 2349 4005
182 2349 4006
183 2348 4006
184 2348 4007
185 2347 4007
186 2347 4008
187 2346 4008
188 2346 4009
189 2345 4009
190 2345 4010
191 2344 4010
192 2344 4011
193 2343 4011
194 2343 4012
195 2342 4012
196 2342 4013
197 2341 4013
198 2341 4014
199 2339 4014
200 2339 4015
201 2338 4015
202 2338 4016
203 2337 4016
204 2337 4017
205 2336 4017
206 2336 4018
207 2335 4018
208 2335 4019
209 2334 4019
210 2334 4020
211 2333 4020
212 2333 4021
213 2331 4021
214 2331 4022
215 2330 4022
216 2330 4023
217 2329 4023
218 2329 4024
219 2328 4024
220 2328 4025
221 2327 4025
222 2327 4026
223 2325 4026
224 2325 4027
225 2324 4027
226 2324 4028
227 2323 4028
228 2323 4029
229 2322 4029
230 2322 4030
231 2320 4030
232 2320 4031
233 2319 4031
234 2319 4032
235 2318 4032
236 2318 4033
237 2316 4033
238 2316 4034
239 2315 4034
240 2315 4035
241 2314 4035
242 2314 4036
243 2312 4036
244 2312 4037
245 2311 4037
246 2311 4038
247 2310 4038
248 2310 4039
249 2308 4039
250 2308 4040
251 2307 4040
252 2307 4041
253 2305 4041
254 2305 4042
255 2304 4042
256 2304 4043
257 2302 4043
258 2302 4044
259 2301 4044
260 2301 4045
261 2299 4045
262 2299 4046
263 2298 4046
264 2298 4047
265 2296 4047
266 2296 4048
267 2294 4048
268 2294 4049
269 2293 4049
270 2293 4050
271 2291 4050
272 2291 4051
273 2290 4051
274 2290 4052
275 2288 4052
276 2288 4053
277 2286 4053
278 2286 4054
279 2284 4054
280 2284 4055
281 2283 4055
282 2283 4056
283 2281 4056
284 2281 4057
285 2279 4057
286 2279 4058
287 2277 4058
288 2277 4059
289 2275 4059
290 2275 4060
291 2273 4060
292 2273 4061
293 2271 4061
294 2271 4062
295 2270 4062
296 2270 4063
297 2267 4063
298 2267 4064
299 2265 4064
300 2265 4065
301 2263 4065
302 2263 4066
303 2261 4066
304 2261 4067
305 2259 4067
306 2259 4068
307 2257 4068
308 2257 4069
309 2255 4069
310 2255 4070
311 2252 4070
312 2252 4071
313 2250 4071
314 2250 4072
315 2248 4072
316 2248 4073
317 2245 4073
318 2245 4074
319 2243 4074
320 2243 4075
321 2240 4075
322 2240 4076
323 2237 4076
324 2237 4077
325 2235 4077
326 2235 4078
327 2232 4078
328 2232 4079
329 2229 4079
330 2229 4080
331 2226 4080
332 2226 4081
333 2223 4081
334 2223 4082
335 2219 4082
336 2219 4083
337 2216 4083
338 2216 4084
339 2212 4084
340 2212 4085
341 2209 4085
342 2209 4086
343 2205 4086
344 2205 4087
345 2201 4087
346 2201 4088
347 2196 4088
348 2196 4089
349 2192 4089
350 2192 4090
351 2187 4090
352 2187 4091
353 2181 4091
354 2181 4092
355 2175 4092
356 2175 4093
357 2168 4093
358 2168 4094
359 2159 4094
360 2159 4095
361 2146 4095
362 2146 4096
363 2110 4096
364 2110 4095
365 2097 4095
366 2097 4094
367 2088 4094
368 2088 4093
369 2081 4093
370 2081 4092
371 2075 4092
372 2075 4091
373 2069 4091
374 2069 4090
375 2064 4090
376 2064 4089
377 2060 4089
378 2060 4088
379 2055 4088
380 2055 4087
381 2051 4087
382 2051 4086
383 2047 4086
384 2047 4085
385 2044 4085
386 2044 4084
387 2040 4084
388 2040 4083
389 2037 4083
390 2037 4082
391 2033 4082
392 2033 4081
393 2030 4081
394 2030 4080
395 2027 4080
396 2027 4079
397 2024 4079
398 2024 4078
399 2021 4078
400 2021 4077
401 2019 4077
402 2019 4076
403 2016 4076
404 2016 4075
405 2013 4075
406 2013 4074
407 2011 4074
408 2011 4073
409 2008 4073
410 2008 4072
411 2006 4072
412 2006 4071
413 2004 4071
414 2004 4070
415 2001 4070
416 2001 4069
417 1999 4069
418 1999 4068
419 1997 4068
420 1997 4067
421 1995 4067
422 1995 4066
423 1993 4066
424 1993 4065
425 1991 4065
426 1991 4064
427 1989 4064
428 1989 4063
429 1986 4063
430 1986 4062
431 1985 4062
432 1985 4061
433 1983 4061
434 1983 4060
435 1981 4060
436 1981 4059
437 1979 4059
438 1979 4058
439 1977 4058
440 1977 4057
441 1975 4057
442 1975 4056
443 1973 4056
444 1973 4055
445 1972 4055
446 1972 4054
447 1970 4054
448 1970 4053
449 1968 4053
450 1968 4052
451 1966 4052
452 1966 4051
453 1965 4051
454 1965 4050
455 1963 4050
456 1963 4049
457 1962 4049
458 1962 4048
459 1960 4048
460 1960 4047
461 1958 4047
462 1958 4046
463 1957 4046
464 1957 4045
465 1955 4045
466 1955 4044
467 1954 4044
468 1954 4043
469 1952 4043
470 1952 4042
471 1951 4042
472 1951 4041
473 1949 4041
474 1949 4040
475 1948 4040
476 1948 4039
477 1946 4039
478 1946 4038
479 1945 4038
480 1945 4037
481 1944 4037
482 1944 4036
483 1942 4036
484 1942 4035
485 1941 4035
486 1941 4034
487 1940 4034
488 1940 4033
489 1938 4033
490 1938 4032
491 1937 4032
492 1937 4031
493 1936 4031
494 1936 4030
495 1934 4030
496 1934 4029
497 1933 4029
498 1933 4028
499 1932 4028
500 1932 4027
501 1931 4027
502 1931 4026
503 1929 4026
504 1929 4025
505 1928 4025
506 1928 4024
507 1927 4024
508 1927 4023
509 1926 4023
510 1926 4022
511 1925 4022
512 1925 4021
513 1923 4021
514 1923 4020
515 1922 4020
516 1922 4019
517 1921 4019
518 1921 4018
519 1920 4018
520 1920 4017
521 1919 4017
522 1919 4016
523 1918 4016
524 1918 4015
525 1917 4015
526 1917 4014
527 1915 4014
528 1915 4013
529 1914 4013
530 1914 4012
531 1913 4012
532 1913 4011
533 1912 4011
534 1912 4010
535 1911 4010
536 1911 4009
537 1910 4009
538 1910 4008
539 1909 4008
540 1909 4007
541 1908 4007
542 1908 4006
543 1907 4006
544 1907 4005
545 1906 4005
546 1906 4004
547 1905 4004
548 1905 4003
549 1904 4003
550 1904 4002
551 1903 4002
552 1903 4001
553 1902 4001
554 1902 4000
555 1901 4000
556 1901 3999
557 1900 3999
558 1900 3998
559 1899 3998
560 1899 3997
561 1898 3997
562 1898 3996
563 1897 3996
564 1897 3994
565 1896 3994
566 1896 3993
567 1895 3993
568 1895 3992
569 1894 3992
570 1894 3991
571 1893 3991
572 1893 3990
573 1892 3990
574 1892 3989
575 1891 3989
576 1891 3988
577 1890 3988
578 1890 3987
579 1889 3987
580 1889 3985
581 1888 3985
582 1888 3984
583 1887 3984
584 1887 3983
585 1886 3983
586 1886 3982
587 1885 3982
588 1885 3981
589 1884 3981
590 1884 3979
591 1883 3979
592 1883 3978
593 1882 3978
594 1882 3977
595 1881 3977
596 1881 3976
597 1880 3976
598 1880 3974
599 1879 3974
600 1879 3973
601 1878 3973
602 1878 3972
603 1877 3972
604 1877 3970
605 1876 3970
606 1876 3969
607 1875 3969
608 1875 3968
609 1874 3968
610 1874 3966
611 1873 3966
612 1873 3965
613 1872 3965
614 1872 3963
615 1871 3963
616 1871 3962
617 1870 3962
618 1870 3960
619 1869 3960
620 1869 3959
621 1868 3959
622 1868 3958
623 1867 3958
624 1867 3956
625 1866 3956
626 1866 3954
627 1865 3954
628 1865 3953
629 1864 3953
630 1864 3951
631 1863 3951
632 1863 3950
633 1862 3950
634 1862 3948
635 1861 3948
636 1861 3947
637 1860 3947
638 1860 3945
639 1859 3945
640 1859 3943
641 1858 3943
642 1858 3941
643 1857 3941
644 1857 3940
645 1856 3940
646 1856 3938
647 1855 3938
648 1855 3936
649 1854 3936
650 1854 3934
651 1853 3934
652 1853 3933
653 1852 3933
654 1852 3931
655 1851 3931
656 1851 3929
657 1850 3929
658 1850 3927
659 1849 3927
660 1849 3925
661 1848 3925
662 1848 3923
663 1847 3923
664 1847 3921
665 1846 3921
666 1846 3919
667 1845 3919
668 1845 3917
669 1844 3917
670 1844 3914
671 1843 3914
672 1843 3912
673 1842 3912
674 1842 3910
675 1841 3910
676 1841 3908
677 1840 3908
678 1840 3905
679 1839 3905
680 1839 3903
681 1838 3903
682 1838 3900
683 1837 3900
684 1837 3898
685 1836 3898
686 1836 3895
687 1835 3895
688 1835 3892
689 1834 3892
690 1834 3890
691 1833 3890
692 1833 3887
693 1832 3887
694 1832 3884
695 1831 3884
696 1831 3881
697 1830 3881
698 1830 3878
699 1829 3878
700 1829 3874
701 1828 3874
702 1828 3871
703 1827 3871
704 1827 3867
705 1826 3867
706 1826 3863
707 1825 3863
708 1825 3859
709 1824 3859
710 1824 3855
711 1823 3855
712 1823 3851
713 1822 3851
714 1822 3846
715 1821 3846
716 1821 3840
717 1820 3840
718 1820 3834
719 1819 3834
720 1819 3827
721 1818 3827
722 1818 3818
723 1817 3818
724 1817 3805
725 1816 3805
726 1816 3771
727 1817 3771
728 1817 3758
729 1818 3758
730 1818 3749
731 1819 3749
732 1819 3742
733 1820 3742
734 1820 3736
735 1821 3736
736 1821 3730
737 1822 3730
738 1822 3725
739 1823 3725
740 1823 3721
741 1824 3721
742 1824 3717
743 1825 3717
744 1825 3713
745 1826 3713
746 1826 3709
747 1827 3709
748 1827 3705
749 1828 3705
750 1828 3702
751 1829 3702
752 1829 3698
753 1830 3698
754 1830 3695
755 1831 3695
756 1831 3692
757 1832 3692
758 1832 3689
759 1833 3689
760 1833 3686
761 1834 3686
762 1834 3684
763 1835 3684
764 1835 3681
765 1836 3681
766 1836 3678
767 1837 3678
768 1837 3676
769 1838 3676
770 1838 3673
771 1839 3673
772 1839 3671
773 1840 3671
774 1840 3668
775 1841 3668
776 1841 3666
777 1842 3666
778 1842 3664
779 1843 3664
780 1843 3662
781 1844 3662
782 1844 3659
783 1845 3659
784 1845 3657
785 1846 3657
786 1846 3655
787 1847 3655
788 1847 3653
789 1848 3653
790 1848 3651
791 1849 3651
792 1849 3649
793 1850 3649
794 1850 3647
795 1851 3647
796 1851 3645
797 1852 3645
798 1852 3643
799 1853 3643
800 1853 3642
801 1854 3642
802 1854 3640
803 1855 3640
804 1855 3638
805 1856 3638
806 1856 3636
807 1857 3636
808 1857 3635
809 1858 3635
810 1858 3633
811 1859 3633
812 1859 3631
813 1860 3631
814 1860 3629
815 1861 3629
816 1861 3628
817 1862 3628
818 1862 3626
819 1863 3626
820 1863 3625
821 1864 3625
822 1864 3623
823 1865 3623
824 1865 3622
825 1866 3622
826 1866 3620
827 1867 3620
828 1867 3618
829 1868 3618
830 1868 3617
831 1869 3617
832 1869 3616
833 1870 3616
834 1870 3614
835 1871 3614
836 1871 3613
837 1872 3613
838 1872 3611
839 1873 3611
840 1873 3610
841 1874 3610
842 1874 3608
843 1875 3608
844 1875 3607
845 1876 3607
846 1876 3606
847 1877 3606
848 1877 3604
849 1878 3604
850 1878 3603
851 1879 3603
852 1879 3602
853 1880 3602
854 1880 3600
855 1881 3600
856 1881 3599
857 1882 3599
858 1882 3598
859 1883 3598
860 1883 3597
861 1884 3597
862 1884 3595
863 1885 3595
864 1885 3594
865 1886 3594
866 1886 3593
867 1887 3593
868 1887 3592
869 1888 3592
870 1888 3591
871 1889 3591
872 1889 3589
873 1890 3589
874 1890 3588
875 1891 3588
876 1891 3587
877 1892 3587
878 1892 3586
879 1893 3586
880 1893 3585
881 1894 3585
882 1894 3584
883 1895 3584
884 1895 3583
885 1896 3583
886 1896 3582
887 1897 3582
888 1897 3580
889 1898 3580
890 1898 3579
891 1899 3579
892 1899 3578
893 1900 3578
894 1900 3577
895 1901 3577
896 1901 3576
897 1902 3576
898 1902 3575
899 1903 3575
900 1903 3574
901 1904 3574
902 1904 3573
903 1905 3573
904 1905 3572
905 1906 3572
906 1906 3571
907 1907 3571
908 1907 3570
909 1908 3570
910 1908 3569
911 1909 3569
912 1909 3568
913 1910 3568
914 1910 3567
915 1911 3567
916 1911 3566
917 1912 3566
918 1912 3565
919 1913 3565
920 1913 3564
921 1914 3564
922 1914 3563
923 1915 3563
924 1915 3562
925 1917 3562
926 1917 3561
927 1918 3561
928 1918 3560
929 1919 3560
930 1919 3559
931 1920 3559
932 1920 3558
933 1921 3558
934 1921 3557
935 1922 3557
936 1922 3556
937 1923 3556
938 1923 3555
939 1925 3555
940 1925 3554
941 1926 3554
942 1926 3553
943 1927 3553
944 1927 3552
945 1928 3552
946 1928 3551
947 1929 3551
948 1929 3550
949 1931 3550
950 1931 3549
951 1932 3549
952 1932 3548
953 1933 3548
954 1933 3547
955 1934 3547
956 1934 3546
957 1936 3546
958 1936 3545
959 1937 3545
960 1937 3544
961 1938 3544
962 1938 3543
963 1940 3543
964 1940 3542
965 1941 3542
966 1941 3541
967 1942 3541
968 1942 3540
969 1944 3540
970 1944 3539
971 1945 3539
972 1945 3538
973 1946 3538
974 1946 3537
975 1948 3537
976 1948 3536
977 1949 3536
978 1949 3535
979 1951 3535
980 1951 3534
981 1952 3534
982 1952 3533
983 1954 3533
984 1954 3532
985 1955 3532
986 1955 3531
987 1957 3531
988 1957 3530
989 1958 3530
990 1958 3529
991 1960 3529
992 1960 3528
993 1962 3528
994 1962 3527
995 1963 3527
996 1963 3526
997 1965 3526
998 1965 3525
999 1966 3525
1000 1966 3524
1001 1968 3524
1002 1968 3523
1003 1970 3523
1004 1970 3522
1005 1972 3522
1006 1972 3521
1007 1973 3521
1008 1973 3520
1009 1975 3520
1010 1975 3519
1011 1977 3519
1012 1977 3518
1013 1979 3518
1014 1979 3517
1015 1981 3517
1016 1981 3516
1017 1983 3516
1018 1983 3515
1019 1985 3515
1020 1985 3514
1021 1986 3514
1022 1986 3513
1023 1989 3513
1024 1989 3512
1025 1991 3512
1026 1991 3511
1027 1993 3511
1028 1993 3510
1029 1995 3510
1030 1995 3509
1031 1997 3509
1032 1997 3508
1033 1999 3508
1034 1999 3507
1035 2001 3507
1036 2001 3506
1037 2004 3506
1038 2004 3505
1039 2006 3505
1040 2006 3504
1041 2008 3504
1042 2008 3503
1043 2011 3503
1044 2011 3502
1045 2013 3502
1046 2013 3501
1047 2016 3501
1048 2016 3500
1049 2019 3500
1050 2019 3499
1051 2021 3499
1052 2021 3498
1053 2024 3498
1054 2024 3497
1055 2027 3497
1056 2027 3496
1057 2030 3496
1058 2030 3495
1059 2033 3495
1060 2033 3494
1061 2037 3494
1062 2037 3493
1063 2040 3493
1064 2040 3492
1065 2044 3492
1066 2044 3491
1067 2047 3491
1068 2047 3490
1069 2051 3490
1070 2051 3489
1071 2055 3489
1072 2055 3488
1073 2060 3488
1074 2060 3487
1075 2064 3487
1076 2064 3486
1077 2069 3486
1078 2069 3485
1079 2075 3485
1080 2075 3484
1081 2081 3484
1082 2081 3483
1083 2088 3483
1084 2088 3482
1085 2097 3482
1086 2097 3481
1087 2110 3481
1088 2110 3480
1089 2146 3480
1090 2146 3481
1091 2159 3481
1092 2159 3482
1093 2168 3482
1094 2168 3483
1095 2175 3483
1096 2175 3484
1097 2181 3484
1098 2181 3485
1099 2187 3485
1100 2187 3486
1101 2192 3486
1102 2192 3487
1103 2196 3487
1104 2196 3488
1105 2201 3488
1106 2201 3489
1107 2205 3489
1108 2205 3490
1109 2209 3490
1110 2209 3491
1111 2212 3491
1112 2212 3492
1113 2216 3492
1114 2216 3493
1115 2219 3493
1116 2219 3494
1117 2223 3494
1118 2223 3495
1119 2226 3495
1120 2226 3496
1121 2229 3496
1122 2229 3497
1123 2232 3497
1124 2232 3498
1125 2235 3498
1126 2235 3499
1127 2237 3499
1128 2237 3500
1129 2240 3500
1130 2240 3501
1131 2243 3501
1132 2243 3502
1133 2245 3502
1134 2245 3503
1135 2248 3503
1136 2248 3504
1137 2250 3504
1138 2250 3505
1139 2252 3505
1140 2252 3506
1141 2255 3506
1142 2255 3507
1143 2257 3507
1144 2257 3508
1145 2259 3508
1146 2259 3509
1147 2261 3509
1148 2261 3510
1149 2263 3510
1150 2263 3511
1151 2265 3511
1152 2265 3512
1153 2267 3512
1154 2267 3513
1155 2270 3513
1156 2270 3514
1157 2271 3514
1158 2271 3515
1159 2273 3515
1160 2273 3516
1161 2275 3516
1162 2275 3517
1163 2277 3517
1164 2277 3518
1165 2279 3518
1166 2279 3519
1167 2281 3519
1168 2281 3520
1169 2283 3520
1170 2283 3521
1171 2284 3521
1172 2284 3522
1173 2286 3522
1174 2286 3523
1175 2288 3523
1176 2288 3524
1177 2290 3524
1178 2290 3525
1179 2291 3525
1180 2291 3526
1181 2293 3526
1182 2293 3527
1183 2294 3527
1184 2294 3528
1185 2296 3528
1186 2296 3529
1187 2298 3529
1188 2298 3530
1189 2299 3530
1190 2299 3531
1191 2301 3531
1192 2301 3532
1193 2302 3532
1194 2302 3533
1195 2304 3533
1196 2304 3534
1197 2305 3534
1198 2305 3535
1199 2307 3535
1200 2307 3536
1201 2308 3536
1202 2308 3537
1203 2310 3537
1204 2310 3538
1205 2311 3538
1206 2311 3539
1207 2312 3539
1208 2312 3540
1209 2314 3540
1210 2314 3541
1211 2315 3541
1212 2315 3542
1213 2316 3542
1214 2316 3543
1215 2318 3543
1216 2318 3544
1217 2319 3544
1218 2319 3545
1219 2320 3545
1220 2320 3546
1221 2322 3546
1222 2322 3547
1223 2323 3547
1224 2323 3548
1225 2324 3548
1226 2324 3549
1227 2325 3549
1228 2325 3550
1229 2327 3550
1230 2327 3551
1231 2328 3551
1232 2328 3552
1233 2329 3552
1234 2329 3553
1235 2330 3553
1236 2330 3554
1237 2331 3554
1238 2331 3555
1239 2333 3555
1240 2333 3556
1241 2334 3556
1242 2334 3557
1243 2335 3557
1244 2335 3558
1245 2336 3558
1246 2336 3559
1247 2337 3559
1248 2337 3560
1249 2338 3560
1250 2338 3561
1251 2339 3561
1252 2339 3562
1253 2341 3562
1254 2341 3563
1255 2342 3563
1256 2342 3564
1257 2343 3564
1258 2343 3565
1259 2344 3565
1260 2344 3566
1261 2345 3566
1262 2345 3567
1263 2346 3567
1264 2346 3568
1265 2347 3568
1266 2347 3569
1267 2348 3569
1268 2348 3570
1269 2349 3570
1270 2349 3571
1271 2350 3571
1272 2350 3572
1273 2351 3572
1274 2351 3573
1275 2352 3573
1276 2352 3574
1277 2353 3574
1278 2353 3575
1279 2354 3575
1280 2354 3576
1281 2355 3576
1282 2355 3577
1283 2356 3577
1284 2356 3578
1285 2357 3578
1286 2357 3579
1287 2358 3579
1288 2358 3580
1289 2359 3580
1290 2359 3582
1291 2360 3582
1292 2360 3583
1293 2361 3583
1294 2361 3584
1295 2362 3584
1296 2362 3585
1297 2363 3585
1298 2363 3586
1299 2364 3586
1300 2364 3587
1301 2365 3587
1302 2365 3588
1303 2366 3588
1304 2366 3589
1305 2367 3589
1306 2367 3591
1307 2368 3591
1308 2368 3592
1309 2369 3592
1310 2369 3593
1311 2370 3593
1312 2370 3594
1313 2371 3594
1314 2371 3595
1315 2372 3595
1316 2372 3597
1317 2373 3597
1318 2373 3598
1319 2374 3598
1320 2374 3599
1321 2375 3599
1322 2375 3600
1323 2376 3600
1324 2376 3602
1325 2377 3602
1326 2377 3603
1327 2378 3603
1328 2378 3604
1329 2379 3604
1330 2379 3606
1331 2380 3606
1332 2380 3607
1333 2381 3607
1334 2381 3608
1335 2382 3608
1336 2382 3610
1337 2383 3610
1338 2383 3611
1339 2384 3611
1340 2384 3613
1341 2385 3613
1342 2385 3614
1343 2386 3614
1344 2386 3616
1345 2387 3616
1346 2387 3617
1347 2388 3617
1348 2388 3618
1349 2389 3618
1350 2389 3620
1351 2390 3620
1352 2390 3622
1353 2391 3622
1354 2391 3623
1355 2392 3623
1356 2392 3625
1357 2393 3625
1358 2393 3626
1359 2394 3626
1360 2394 3628
1361 2395 3628
1362 2395 3629
1363 2396 3629
1364 2396 3631
1365 2397 3631
1366 2397 3633
1367 2398 3633
1368 2398 3635
1369 2399 3635
1370 2399 3636
1371 2400 3636
1372 2400 3638
1373 2401 3638
1374 2401 3640
1375 2402 3640
1376 2402 3642
1377 2403 3642
1378 2403 3643
1379 2404 3643
1380 2404 3645
1381 2405 3645
1382 2405 3647
1383 2406 3647
1384 2406 3649
1385 2407 3649
1386 2407 3651
1387 2408 3651
1388 2408 3653
1389 2409 3653
1390 2409 3655
1391 2410 3655
1392 2410 3657
1393 2411 3657
1394 2411 3659
1395 2412 3659
1396 2412 3662
1397 2413 3662
1398 2413 3664
1399 2414 3664
1400 2414 3666
1401 2415 3666
1402 2415 3668
1403 2416 3668
1404 2416 3671
1405 2417 3671
1406 2417 3673
1407 2418 3673
1408 2418 3676
1409 2419 3676
1410 2419 3678
1411 2420 3678
1412 2420 3681
1413 2421 3681
1414 2421 3684
1415 2422 3684
1416 2422 3686
1417 2423 3686
1418 2423 3689
1419 2424 3689
1420 2424 3692
1421 2425 3692
1422 2425 3695
1423 2426 3695
1424 2426 3698
1425 2427 3698
1426 2427 3702
1427 2428 3702
1428 2428 3705
1429 2429 3705
1430 2429 3709
1431 2430 3709
1432 2430 3713
1433 2431 3713
1434 2431 3717
1435 2432 3717
1436 2432 3721
1437 2433 3721
1438 2433 3725
1439 2434 3725
1440 2434 3730
1441 2435 3730
1442 2435 3736
1443 2436 3736
1444 2436 3742
1445 2437 3742
1446 2437 3749
1447 2438 3749
1448 2438 3758
1449 2439 3758
1450 2439 3771
1451 2440 3771
